-697	1
-696	0
-695	0
-694	0
-693	0
-692	0
-691	0
-690	0
-689	0
-688	0
-687	0
-686	0
-685	0
-684	0
-683	0
-682	0
-681	0
-680	0
-679	1
-678	0
-677	0
-676	0
-675	0
-674	1
-673	0
-672	0
-671	0
-670	0
-669	0
-668	0
-667	0
-666	1
-665	0
-664	0
-663	0
-662	0
-661	0
-660	0
-659	1
-658	0
-657	0
-656	1
-655	0
-654	1
-653	0
-652	3
-651	0
-650	0
-649	0
-648	0
-647	0
-646	0
-645	0
-644	1
-643	1
-642	0
-641	0
-640	0
-639	0
-638	0
-637	1
-636	1
-635	1
-634	1
-633	1
-632	1
-631	0
-630	0
-629	0
-628	1
-627	0
-626	1
-625	0
-624	0
-623	0
-622	0
-621	0
-620	0
-619	0
-618	1
-617	0
-616	0
-615	0
-614	0
-613	2
-612	0
-611	0
-610	0
-609	0
-608	0
-607	1
-606	4
-605	2
-604	0
-603	0
-602	3
-601	0
-600	0
-599	1
-598	0
-597	1
-596	0
-595	0
-594	1
-593	0
-592	0
-591	0
-590	0
-589	1
-588	1
-587	1
-586	1
-585	1
-584	0
-583	0
-582	1
-581	1
-580	0
-579	0
-578	0
-577	0
-576	0
-575	0
-574	1
-573	1
-572	2
-571	0
-570	1
-569	2
-568	0
-567	0
-566	0
-565	0
-564	0
-563	2
-562	0
-561	1
-560	2
-559	0
-558	2
-557	2
-556	1
-555	0
-554	2
-553	1
-552	2
-551	0
-550	2
-549	1
-548	3
-547	2
-546	2
-545	2
-544	0
-543	0
-542	3
-541	0
-540	0
-539	2
-538	1
-537	1
-536	3
-535	1
-534	0
-533	2
-532	0
-531	0
-530	2
-529	5
-528	0
-527	1
-526	1
-525	0
-524	1
-523	0
-522	0
-521	4
-520	1
-519	0
-518	0
-517	1
-516	0
-515	0
-514	1
-513	3
-512	1
-511	0
-510	0
-509	0
-508	0
-507	2
-506	3
-505	1
-504	0
-503	2
-502	1
-501	3
-500	8
-499	1
-498	8
-497	5
-496	2
-495	4
-494	1
-493	0
-492	1
-491	2
-490	6
-489	3
-488	4
-487	1
-486	0
-485	7
-484	3
-483	9
-482	3
-481	5
-480	3
-479	4
-478	2
-477	1
-476	1
-475	0
-474	0
-473	1
-472	3
-471	1
-470	3
-469	4
-468	3
-467	3
-466	1
-465	1
-464	6
-463	2
-462	5
-461	5
-460	2
-459	3
-458	2
-457	1
-456	3
-455	8
-454	2
-453	3
-452	4
-451	7
-450	3
-449	3
-448	3
-447	1
-446	9
-445	2
-444	3
-443	2
-442	3
-441	3
-440	7
-439	9
-438	3
-437	4
-436	0
-435	1
-434	3
-433	0
-432	8
-431	7
-430	0
-429	4
-428	4
-427	3
-426	8
-425	3
-424	10
-423	8
-422	4
-421	1
-420	3
-419	14
-418	4
-417	6
-416	4
-415	1
-414	2
-413	2
-412	3
-411	3
-410	5
-409	0
-408	5
-407	2
-406	1
-405	2
-404	49
-403	2
-402	5
-401	3
-400	0
-399	11
-398	8
-397	5
-396	3
-395	8
-394	8
-393	4
-392	6
-391	2
-390	11
-389	29
-388	29
-387	6
-386	10
-385	1
-384	6
-383	10
-382	1
-381	14
-380	4
-379	6
-378	6
-377	15
-376	4
-375	11
-374	5
-373	7
-372	10
-371	9
-370	6
-369	17
-368	23
-367	2
-366	15
-365	11
-364	3
-363	5
-362	34
-361	30
-360	7
-359	15
-358	8
-357	31
-356	18
-355	30
-354	8
-353	11
-352	4
-351	4
-350	10
-349	5
-348	14
-347	13
-346	9
-345	14
-344	7
-343	7
-342	15
-341	15
-340	6
-339	16
-338	21
-337	15
-336	19
-335	49
-334	3
-333	9
-332	8
-331	2
-330	9
-329	13
-328	4
-327	9
-326	49
-325	22
-324	24
-323	9
-322	6
-321	7
-320	15
-319	10
-318	9
-317	13
-316	22
-315	10
-314	9
-313	4
-312	17
-311	14
-310	11
-309	16
-308	8
-307	6
-306	11
-305	39
-304	11
-303	15
-302	5
-301	6
-300	3
-299	10
-298	18
-297	24
-296	12
-295	12
-294	26
-293	16
-292	8
-291	21
-290	25
-289	18
-288	49
-287	24
-286	7
-285	17
-284	41
-283	8
-282	19
-281	8
-280	5
-279	6
-278	12
-277	5
-276	10
-275	5
-274	8
-273	12
-272	19
-271	11
-270	8
-269	19
-268	23
-267	28
-266	32
-265	14
-264	20
-263	19
-262	9
-261	9
-260	16
-259	12
-258	2
-257	9
-256	5
-255	6
-254	12
-253	11
-252	1
-251	5
-250	5
-249	3
-248	3
-247	9
-246	22
-245	28
-244	11
-243	10
-242	47
-241	25
-240	12
-239	9
-238	5
-237	6
-236	19
-235	11
-234	12
-233	11
-232	12
-231	20
-230	11
-229	6
-228	14
-227	18
-226	7
-225	20
-224	24
-223	4
-222	11
-221	12
-220	8
-219	23
-218	18
-217	5
-216	16
-215	8
-214	3
-213	17
-212	49
-211	11
-210	21
-209	17
-208	14
-207	28
-206	49
-205	21
-204	22
-203	33
-202	18
-201	21
-200	31
-199	24
-198	40
-197	12
-196	11
-195	14
-194	31
-193	14
-192	17
-191	45
-190	7
-189	22
-188	35
-187	16
-186	26
-185	25
-184	11
-183	18
-182	7
-181	2
-180	26
-179	10
-178	14
-177	42
-176	48
-175	12
-174	24
-173	48
-172	4
-171	25
-170	28
-169	13
-168	18
-167	49
-166	15
-165	21
-164	14
-163	18
-162	45
-161	45
-160	35
-159	25
-158	46
-157	19
-156	34
-155	49
-154	30
-153	25
-152	49
-151	17
-150	49
-149	49
-148	31
-147	31
-146	45
-145	10
-144	26
-143	18
-142	10
-141	18
-140	29
-139	23
-138	8
-137	17
-136	13
-135	9
-134	18
-133	19
-132	43
-131	49
-130	49
-129	31
-128	12
-127	17
-126	7
-125	18
-124	12
-123	10
-122	25
-121	9
-120	21
-119	9
-118	6
-117	8
-116	13
-115	13
-114	4
-113	9
-112	4
-111	6
-110	6
-109	6
-108	14
-107	11
-106	5
-105	9
-104	10
-103	4
-102	8
-101	7
-100	4
-99	3
-98	5
-97	11
-96	5
-95	6
-94	1
-93	3
-92	6
-91	7
-90	9
-89	15
-88	7
-87	14
-86	8
-85	11
-84	8
-83	6
-82	6
-81	7
-80	3
-79	4
-78	4
-77	4
-76	9
-75	7
-74	3
-73	3
-72	4
-71	4
-70	4
-69	1
-68	2
-67	8
-66	8
-65	6
-64	2
-63	3
-62	6
-61	2
-60	3
-59	3
-58	0
-57	0
-56	1
-55	0
-54	0
-53	3
-52	0
-51	2
-50	2
-49	2
-48	1
-47	2
-46	0
-45	1
-44	3
-43	1
-42	3
-41	3
-40	0
-39	1
-38	0
-37	0
-36	1
-35	0
-34	3
-33	1
-32	1
-31	2
-30	1
-29	1
-28	0
-27	1
-26	0
-25	1
-24	3
-23	1
-22	0
-21	0
-20	0
-19	0
-18	0
-17	4
-16	1
-15	6
-14	1
-13	1
-12	2
-11	0
-10	0
-9	1
-8	0
-7	0
-6	7
-5	0
-4	2
-3	0
-2	0
-1	0
0	0
1	0
2	0
3	0
4	0
5	0
6	0
7	0
8	0
9	0
10	0
11	0
12	1
13	0
14	0
15	0
16	0
17	0
18	0
19	0
20	0
21	0
22	0
23	1
24	1
25	0
26	1
27	0
28	2
29	1
30	0
31	1
32	0
33	1
34	0
35	0
36	0
37	2
38	0
39	0
40	0
41	0
42	0
43	0
44	0
45	0
46	0
47	2
48	0
49	0
50	2
51	0
52	2
53	2
54	0
55	0
56	0
57	0
58	2
59	1
60	0
61	0
62	0
63	0
64	0
65	0
66	1
67	0
68	0
69	0
70	0
71	0
72	0
73	1
74	0
75	0
76	0
77	0
78	0
79	0
80	4
81	1
82	3
83	7
84	0
85	1
86	1
87	0
88	0
89	0
90	0
91	0
92	1
93	0
94	0
95	0
96	0
97	1
98	0
99	15
100	14
101	4
102	29
103	13
104	20
105	0
106	1
107	1
108	0
109	1
110	1
111	8
112	2
113	2
114	0
115	0
116	0
117	2
118	46
119	0
120	9
121	0
122	10
123	1
124	6
125	1
126	8
127	1
128	3
129	1
130	2
131	31
132	0
133	3
134	1
135	2
136	1
137	1
138	0
139	0
140	0
141	0
142	0
143	0
144	0
145	0
146	0
147	0
148	1
149	0
150	0
151	0
152	0
153	0
154	0
155	0
156	0
157	0
158	0
159	0
160	0
161	0
162	0
163	0
164	0
165	0
166	1
167	0
168	0
169	1
170	1
171	0
172	0
173	0
174	0
175	0
176	0
177	0
178	0
179	0
180	0
181	0
182	0
183	0
184	0
185	0
186	3
187	0
188	0
189	0
190	0
191	0
192	0
193	1
194	0
195	0
196	0
197	0
198	0
199	0
200	0
201	0
202	0
203	0
204	0
205	0
206	0
207	0
208	0
209	0
210	0
211	0
212	0
213	0
214	0
215	0
216	0
217	0
218	0
219	0
220	0
221	0
222	0
223	0
224	0
225	0
226	0
227	0
228	0
229	0
230	0
231	0
232	0
233	0
234	0
235	0
236	0
237	0
238	0
239	0
240	0
241	0
242	0
243	0
244	0
245	0
246	0
247	0
248	0
249	0
250	0
251	0
252	0
253	0
254	0
255	0
256	0
257	0
258	0
259	0
260	0
261	0
262	0
263	0
264	0
265	0
266	0
267	0
268	0
269	0
270	0
271	0
272	0
273	0
274	0
275	0
276	0
277	0
278	0
279	0
280	0
281	0
282	0
283	0
284	0
285	0
286	0
287	0
288	0
289	0
290	0
291	0
292	0
293	0
294	0
295	0
296	0
297	0
298	0
299	0
300	0
301	0
302	0
303	0
304	0
305	0
306	0
307	0
308	0
309	0
310	0
311	0
312	0
313	0
314	0
315	0
316	0
317	0
318	0
319	0
320	0
321	0
322	0
323	0
324	0
325	0
326	0
327	0
328	0
329	0
330	0
331	0
332	0
333	0
334	0
335	0
336	0
337	0
338	0
339	0
340	0
341	0
342	0
343	0
344	0
345	0
346	0
347	0
348	0
349	0
350	0
351	0
352	0
353	0
354	0
355	0
356	0
357	0
358	0
359	0
360	2
361	0
362	0
363	0
364	0
365	0
366	0
367	0
368	0
369	0
370	1
371	0
372	0
373	0
374	0
375	0
376	0
377	0
378	0
379	0
380	0
381	0
382	0
383	0
384	0
385	0
386	0
387	0
388	0
389	0
390	0
391	0
392	0
393	0
394	0
395	0
396	0
397	0
398	0
399	0
400	0
401	0
402	0
403	0
404	0
405	0
406	0
407	0
408	0
409	0
410	0
411	0
412	0
413	0
414	0
415	0
416	0
417	0
418	0
419	0
420	0
421	0
422	0
423	0
424	0
425	0
426	0
427	0
428	0
429	0
430	0
431	0
432	0
433	0
434	0
435	0
436	0
437	0
438	0
439	0
440	0
441	0
442	0
443	0
444	0
445	0
446	0
447	0
448	0
449	0
450	0
451	0
452	0
453	0
454	0
455	0
456	0
457	0
458	0
459	0
460	0
461	0
462	0
463	0
464	0
465	0
466	0
467	0
468	0
469	0
470	0
471	0
472	0
473	0
474	0
475	0
476	0
477	0
478	0
479	0
480	0
481	0
482	0
483	0
484	0
485	0
486	0
487	0
488	0
489	0
490	0
491	0
492	0
493	0
494	0
495	0
496	0
497	0
498	0
499	0
500	0
501	0
502	0
503	0
504	0
505	0
506	0
507	0
508	0
509	0
510	0
511	0
512	0
513	0
514	0
515	0
516	0
517	0
518	0
519	0
520	0
521	0
522	0
523	0
524	0
525	0
526	0
527	0
528	0
529	0
530	0
531	0
532	0
533	0
534	0
535	0
536	0
537	0
538	0
539	0
540	0
541	0
542	0
543	0
544	0
545	0
546	0
547	0
548	0
549	0
550	0
551	0
552	0
553	0
554	0
555	0
556	0
557	0
558	0
559	0
560	0
561	2
562	0
563	0
564	0
565	0
566	0
567	0
568	0
569	0
570	0
571	0
572	0
573	0
574	0
575	0
576	0
577	0
578	0
579	0
580	0
581	0
582	0
583	0
584	0
585	0
586	0
587	0
588	0
589	0
590	0
591	0
592	0
593	0
594	0
595	0
596	0
597	0
598	0
599	0
600	0
601	0
602	0
603	0
604	0
605	0
606	0
607	0
608	0
609	0
610	0
611	0
612	0
613	0
614	0
615	0
616	0
617	0
618	0
619	0
620	0
621	0
622	0
623	0
624	0
625	0
626	0
627	0
628	0
629	0
630	0
631	0
632	0
633	0
634	0
635	0
636	0
637	0
638	0
639	0
640	0
641	0
642	0
643	0
644	0
645	0
646	0
647	0
648	0
649	0
650	0
651	0
652	0
653	0
654	0
655	0
656	0
657	0
658	0
659	0
660	0
661	0
662	0
663	0
664	0
665	0
666	0
667	0
668	0
669	0
670	0
671	0
672	0
673	0
674	0
675	0
676	0
677	0
678	0
679	0
680	0
681	0
682	0
683	0
684	0
685	0
686	0
687	0
688	0
689	0
690	0
691	0
692	0
693	0
694	0
695	0
696	0
697	0
698	0
699	0
700	0
701	0
702	0
