-697	0
-696	0
-695	0
-694	0
-693	1
-692	0
-691	0
-690	0
-689	0
-688	0
-687	0
-686	0
-685	0
-684	0
-683	0
-682	0
-681	0
-680	1
-679	0
-678	2
-677	0
-676	0
-675	0
-674	0
-673	0
-672	0
-671	0
-670	0
-669	0
-668	0
-667	0
-666	0
-665	0
-664	0
-663	0
-662	1
-661	0
-660	0
-659	0
-658	0
-657	0
-656	0
-655	0
-654	0
-653	0
-652	0
-651	0
-650	0
-649	1
-648	0
-647	0
-646	0
-645	0
-644	0
-643	0
-642	0
-641	0
-640	0
-639	0
-638	0
-637	0
-636	0
-635	0
-634	0
-633	0
-632	0
-631	0
-630	0
-629	0
-628	0
-627	0
-626	0
-625	0
-624	0
-623	0
-622	1
-621	0
-620	0
-619	1
-618	0
-617	0
-616	0
-615	0
-614	0
-613	0
-612	0
-611	0
-610	0
-609	0
-608	0
-607	0
-606	2
-605	0
-604	0
-603	0
-602	0
-601	0
-600	0
-599	2
-598	0
-597	0
-596	1
-595	0
-594	1
-593	7
-592	3
-591	0
-590	0
-589	0
-588	0
-587	3
-586	0
-585	0
-584	0
-583	0
-582	0
-581	0
-580	1
-579	0
-578	1
-577	0
-576	0
-575	0
-574	0
-573	0
-572	0
-571	0
-570	0
-569	0
-568	0
-567	0
-566	0
-565	0
-564	0
-563	0
-562	0
-561	1
-560	0
-559	0
-558	0
-557	0
-556	0
-555	0
-554	0
-553	0
-552	0
-551	0
-550	0
-549	0
-548	0
-547	0
-546	0
-545	1
-544	1
-543	0
-542	1
-541	2
-540	1
-539	0
-538	0
-537	3
-536	1
-535	0
-534	1
-533	0
-532	0
-531	2
-530	0
-529	0
-528	0
-527	0
-526	0
-525	0
-524	0
-523	1
-522	2
-521	1
-520	0
-519	0
-518	0
-517	0
-516	0
-515	0
-514	0
-513	3
-512	0
-511	1
-510	0
-509	0
-508	1
-507	0
-506	0
-505	0
-504	1
-503	0
-502	0
-501	0
-500	0
-499	0
-498	1
-497	0
-496	2
-495	0
-494	2
-493	3
-492	0
-491	0
-490	1
-489	1
-488	0
-487	0
-486	2
-485	4
-484	0
-483	0
-482	1
-481	0
-480	2
-479	1
-478	1
-477	0
-476	0
-475	0
-474	1
-473	1
-472	0
-471	0
-470	2
-469	2
-468	6
-467	32
-466	10
-465	4
-464	0
-463	1
-462	0
-461	1
-460	2
-459	3
-458	0
-457	2
-456	1
-455	1
-454	0
-453	0
-452	3
-451	8
-450	3
-449	1
-448	2
-447	3
-446	1
-445	0
-444	0
-443	1
-442	2
-441	4
-440	6
-439	2
-438	0
-437	2
-436	2
-435	6
-434	9
-433	2
-432	4
-431	0
-430	2
-429	3
-428	0
-427	7
-426	0
-425	1
-424	1
-423	3
-422	1
-421	0
-420	0
-419	1
-418	42
-417	11
-416	1
-415	1
-414	1
-413	0
-412	0
-411	1
-410	0
-409	1
-408	8
-407	2
-406	5
-405	4
-404	3
-403	2
-402	0
-401	1
-400	4
-399	6
-398	3
-397	3
-396	5
-395	3
-394	1
-393	1
-392	4
-391	19
-390	4
-389	2
-388	8
-387	5
-386	5
-385	1
-384	8
-383	13
-382	3
-381	1
-380	1
-379	2
-378	0
-377	0
-376	0
-375	2
-374	1
-373	3
-372	3
-371	4
-370	4
-369	0
-368	1
-367	3
-366	0
-365	2
-364	7
-363	4
-362	4
-361	3
-360	5
-359	4
-358	3
-357	45
-356	7
-355	3
-354	1
-353	2
-352	0
-351	3
-350	8
-349	4
-348	2
-347	4
-346	1
-345	2
-344	2
-343	0
-342	2
-341	2
-340	4
-339	4
-338	8
-337	1
-336	3
-335	4
-334	3
-333	8
-332	7
-331	4
-330	4
-329	5
-328	3
-327	19
-326	12
-325	11
-324	10
-323	6
-322	5
-321	3
-320	9
-319	9
-318	3
-317	1
-316	2
-315	3
-314	6
-313	0
-312	4
-311	2
-310	5
-309	17
-308	12
-307	19
-306	37
-305	18
-304	11
-303	8
-302	4
-301	0
-300	1
-299	1
-298	30
-297	15
-296	13
-295	7
-294	7
-293	3
-292	2
-291	1
-290	1
-289	4
-288	4
-287	8
-286	3
-285	2
-284	7
-283	4
-282	5
-281	11
-280	6
-279	8
-278	18
-277	5
-276	30
-275	45
-274	6
-273	28
-272	45
-271	30
-270	9
-269	15
-268	45
-267	45
-266	45
-265	9
-264	16
-263	39
-262	18
-261	10
-260	14
-259	23
-258	20
-257	16
-256	3
-255	11
-254	8
-253	2
-252	6
-251	11
-250	7
-249	9
-248	9
-247	5
-246	6
-245	7
-244	10
-243	8
-242	26
-241	8
-240	15
-239	2
-238	5
-237	6
-236	5
-235	3
-234	8
-233	22
-232	45
-231	45
-230	45
-229	45
-228	45
-227	8
-226	2
-225	6
-224	3
-223	1
-222	13
-221	27
-220	7
-219	3
-218	28
-217	6
-216	16
-215	36
-214	17
-213	17
-212	8
-211	9
-210	22
-209	20
-208	10
-207	11
-206	11
-205	10
-204	18
-203	9
-202	8
-201	2
-200	4
-199	5
-198	11
-197	20
-196	8
-195	7
-194	11
-193	6
-192	7
-191	16
-190	11
-189	14
-188	27
-187	45
-186	25
-185	38
-184	20
-183	5
-182	10
-181	6
-180	8
-179	6
-178	9
-177	8
-176	10
-175	15
-174	26
-173	13
-172	16
-171	6
-170	33
-169	37
-168	9
-167	9
-166	8
-165	10
-164	3
-163	3
-162	6
-161	3
-160	8
-159	8
-158	5
-157	6
-156	5
-155	8
-154	6
-153	9
-152	14
-151	7
-150	21
-149	14
-148	13
-147	11
-146	3
-145	1
-144	3
-143	10
-142	14
-141	8
-140	7
-139	26
-138	13
-137	4
-136	6
-135	25
-134	13
-133	27
-132	17
-131	13
-130	17
-129	12
-128	12
-127	8
-126	39
-125	45
-124	45
-123	12
-122	17
-121	10
-120	9
-119	8
-118	6
-117	7
-116	12
-115	5
-114	15
-113	21
-112	14
-111	20
-110	11
-109	4
-108	5
-107	10
-106	8
-105	13
-104	15
-103	20
-102	28
-101	21
-100	16
-99	14
-98	18
-97	8
-96	12
-95	9
-94	15
-93	23
-92	14
-91	13
-90	24
-89	17
-88	5
-87	7
-86	8
-85	8
-84	8
-83	11
-82	9
-81	14
-80	16
-79	10
-78	19
-77	13
-76	13
-75	12
-74	4
-73	9
-72	5
-71	18
-70	9
-69	12
-68	9
-67	8
-66	12
-65	15
-64	6
-63	12
-62	2
-61	9
-60	5
-59	9
-58	2
-57	16
-56	6
-55	7
-54	2
-53	4
-52	3
-51	4
-50	6
-49	14
-48	19
-47	18
-46	4
-45	10
-44	3
-43	6
-42	6
-41	9
-40	40
-39	43
-38	24
-37	45
-36	10
-35	7
-34	2
-33	4
-32	1
-31	4
-30	11
-29	10
-28	6
-27	16
-26	20
-25	12
-24	3
-23	0
-22	1
-21	11
-20	1
-19	0
-18	2
-17	5
-16	3
-15	2
-14	1
-13	7
-12	1
-11	0
-10	3
-9	5
-8	2
-7	16
-6	4
-5	16
-4	9
-3	1
-2	0
-1	2
0	1
1	12
2	5
3	1
4	3
5	1
6	0
7	0
8	1
9	1
10	1
11	0
12	0
13	0
14	0
15	2
16	0
17	0
18	0
19	1
20	2
21	0
22	1
23	1
24	0
25	1
26	1
27	0
28	1
29	0
30	1
31	0
32	1
33	1
34	0
35	0
36	1
37	0
38	1
39	1
40	0
41	0
42	0
43	1
44	0
45	0
46	0
47	6
48	1
49	0
50	1
51	1
52	1
53	0
54	2
55	0
56	0
57	0
58	0
59	2
60	0
61	0
62	0
63	0
64	0
65	1
66	2
67	0
68	0
69	0
70	1
71	0
72	1
73	0
74	0
75	3
76	0
77	0
78	1
79	0
80	2
81	1
82	0
83	3
84	0
85	3
86	4
87	1
88	0
89	0
90	0
91	0
92	0
93	0
94	0
95	0
96	0
97	0
98	1
99	0
100	0
101	5
102	0
103	0
104	0
105	0
106	0
107	0
108	6
109	0
110	1
111	8
112	1
113	0
114	1
115	0
116	0
117	0
118	0
119	0
120	0
121	0
122	0
123	0
124	0
125	2
126	0
127	36
128	14
129	7
130	34
131	10
132	22
133	2
134	0
135	2
136	1
137	1
138	0
139	10
140	3
141	2
142	3
143	2
144	0
145	1
146	43
147	2
148	18
149	1
150	26
151	4
152	12
153	0
154	1
155	2
156	2
157	0
158	0
159	36
160	1
161	1
162	0
163	0
164	0
165	1
166	0
167	0
168	0
169	1
170	0
171	0
172	0
173	0
174	0
175	0
176	0
177	0
178	0
179	0
180	0
181	0
182	0
183	0
184	0
185	0
186	0
187	0
188	0
189	0
190	0
191	0
192	0
193	0
194	0
195	0
196	0
197	0
198	0
199	0
200	0
201	0
202	1
203	0
204	0
205	0
206	0
207	0
208	0
209	0
210	0
211	0
212	0
213	0
214	0
215	0
216	0
217	0
218	0
219	0
220	0
221	0
222	0
223	0
224	0
225	0
226	0
227	0
228	0
229	0
230	0
231	0
232	0
233	0
234	0
235	0
236	0
237	0
238	0
239	0
240	0
241	0
242	0
243	0
244	0
245	0
246	0
247	0
248	0
249	0
250	0
251	0
252	0
253	0
254	0
255	0
256	0
257	0
258	0
259	0
260	0
261	0
262	0
263	0
264	0
265	0
266	0
267	0
268	0
269	1
270	0
271	0
272	0
273	0
274	0
275	0
276	0
277	0
278	0
279	0
280	0
281	0
282	0
283	0
284	0
285	0
286	0
287	0
288	0
289	0
290	0
291	0
292	0
293	0
294	0
295	0
296	0
297	0
298	0
299	0
300	0
301	0
302	0
303	0
304	0
305	0
306	0
307	0
308	0
309	0
310	0
311	0
312	0
313	0
314	0
315	0
316	0
317	0
318	0
319	0
320	0
321	0
322	0
323	0
324	0
325	0
326	0
327	0
328	0
329	1
330	0
331	0
332	0
333	0
334	0
335	0
336	0
337	0
338	0
339	0
340	0
341	0
342	0
343	0
344	0
345	0
346	0
347	0
348	0
349	0
350	0
351	0
352	0
353	0
354	0
355	0
356	0
357	0
358	0
359	0
360	0
361	0
362	0
363	0
364	0
365	0
366	0
367	0
368	0
369	0
370	0
371	0
372	0
373	0
374	0
375	0
376	0
377	0
378	1
379	0
380	0
381	0
382	0
383	0
384	0
385	0
386	0
387	0
388	0
389	0
390	0
391	0
392	0
393	0
394	0
395	0
396	0
397	0
398	0
399	0
400	0
401	0
402	0
403	0
404	0
405	0
406	0
407	0
408	0
409	0
410	0
411	0
412	0
413	0
414	0
415	0
416	0
417	0
418	0
419	0
420	0
421	0
422	0
423	0
424	0
425	0
426	0
427	0
428	0
429	0
430	0
431	0
432	0
433	0
434	0
435	0
436	0
437	0
438	0
439	0
440	0
441	0
442	0
443	0
444	0
445	0
446	0
447	0
448	0
449	0
450	0
451	0
452	0
453	0
454	0
455	0
456	0
457	0
458	0
459	0
460	0
461	0
462	0
463	0
464	0
465	0
466	0
467	0
468	0
469	0
470	0
471	0
472	0
473	0
474	0
475	0
476	0
477	0
478	0
479	0
480	0
481	0
482	0
483	0
484	0
485	0
486	0
487	0
488	0
489	0
490	0
491	0
492	0
493	0
494	0
495	1
496	0
497	0
498	0
499	0
500	0
501	0
502	0
503	0
504	0
505	0
506	0
507	0
508	0
509	1
510	0
511	0
512	0
513	0
514	0
515	0
516	0
517	0
518	0
519	0
520	0
521	0
522	0
523	0
524	0
525	0
526	0
527	0
528	0
529	0
530	0
531	0
532	0
533	0
534	0
535	0
536	0
537	0
538	0
539	0
540	0
541	0
542	0
543	0
544	0
545	0
546	0
547	0
548	0
549	0
550	0
551	0
552	0
553	0
554	0
555	0
556	0
557	0
558	0
559	0
560	0
561	0
562	0
563	0
564	0
565	0
566	0
567	0
568	0
569	0
570	0
571	0
572	0
573	0
574	0
575	0
576	0
577	0
578	0
579	0
580	0
581	1
582	0
583	0
584	0
585	0
586	0
587	0
588	0
589	0
590	0
591	0
592	0
593	0
594	0
595	0
596	0
597	1
598	0
599	0
600	0
601	0
602	0
603	0
604	0
605	0
606	0
607	0
608	0
609	0
610	0
611	0
612	0
613	0
614	0
615	0
616	0
617	0
618	0
619	0
620	0
621	0
622	0
623	0
624	0
625	0
626	0
627	0
628	0
629	0
630	0
631	0
632	0
633	0
634	0
635	0
636	0
637	0
638	0
639	0
640	0
641	0
642	0
643	0
644	0
645	0
646	0
647	0
648	0
649	0
650	0
651	0
652	0
653	0
654	0
655	0
656	0
657	0
658	0
659	0
660	0
661	0
662	0
663	0
664	0
665	0
666	0
667	0
668	0
669	0
670	0
671	0
672	0
673	0
674	0
675	0
676	0
677	0
678	0
679	0
680	0
681	0
682	0
683	0
684	0
685	0
686	0
687	0
688	0
689	0
690	0
691	0
692	0
693	0
694	0
695	0
696	0
697	1
698	40
699	1
700	0
701	0
702	0
