-697	1
-696	0
-695	0
-694	0
-693	3
-692	0
-691	0
-690	0
-689	3
-688	0
-687	0
-686	1
-685	0
-684	2
-683	0
-682	0
-681	1
-680	1
-679	2
-678	0
-677	0
-676	0
-675	1
-674	1
-673	0
-672	0
-671	0
-670	0
-669	0
-668	0
-667	0
-666	1
-665	0
-664	0
-663	0
-662	0
-661	2
-660	0
-659	0
-658	0
-657	0
-656	1
-655	0
-654	0
-653	2
-652	1
-651	1
-650	0
-649	2
-648	0
-647	0
-646	0
-645	0
-644	0
-643	1
-642	1
-641	1
-640	1
-639	2
-638	4
-637	0
-636	1
-635	2
-634	1
-633	0
-632	1
-631	0
-630	2
-629	0
-628	0
-627	2
-626	2
-625	2
-624	2
-623	1
-622	1
-621	0
-620	3
-619	2
-618	1
-617	5
-616	0
-615	3
-614	3
-613	0
-612	0
-611	0
-610	0
-609	1
-608	0
-607	3
-606	1
-605	5
-604	1
-603	1
-602	2
-601	0
-600	3
-599	0
-598	2
-597	0
-596	0
-595	2
-594	1
-593	5
-592	0
-591	2
-590	1
-589	0
-588	3
-587	1
-586	4
-585	2
-584	1
-583	1
-582	4
-581	0
-580	1
-579	2
-578	1
-577	1
-576	1
-575	3
-574	0
-573	2
-572	3
-571	1
-570	3
-569	1
-568	2
-567	6
-566	5
-565	2
-564	5
-563	2
-562	2
-561	4
-560	6
-559	1
-558	3
-557	1
-556	3
-555	3
-554	4
-553	0
-552	8
-551	3
-550	2
-549	3
-548	2
-547	2
-546	5
-545	3
-544	2
-543	1
-542	17
-541	2
-540	1
-539	4
-538	17
-537	1
-536	9
-535	0
-534	1
-533	4
-532	0
-531	2
-530	4
-529	7
-528	4
-527	3
-526	0
-525	1
-524	5
-523	0
-522	0
-521	3
-520	8
-519	0
-518	1
-517	0
-516	1
-515	3
-514	1
-513	5
-512	3
-511	2
-510	0
-509	1
-508	4
-507	10
-506	13
-505	6
-504	6
-503	3
-502	1
-501	4
-500	6
-499	2
-498	8
-497	12
-496	12
-495	6
-494	8
-493	2
-492	2
-491	7
-490	3
-489	10
-488	6
-487	2
-486	4
-485	18
-484	4
-483	12
-482	8
-481	16
-480	5
-479	9
-478	2
-477	4
-476	2
-475	1
-474	6
-473	3
-472	4
-471	1
-470	20
-469	9
-468	14
-467	7
-466	0
-465	5
-464	3
-463	4
-462	13
-461	7
-460	2
-459	9
-458	5
-457	2
-456	3
-455	11
-454	8
-453	7
-452	11
-451	4
-450	9
-449	7
-448	0
-447	10
-446	14
-445	5
-444	6
-443	24
-442	11
-441	7
-440	13
-439	11
-438	8
-437	5
-436	2
-435	5
-434	5
-433	12
-432	15
-431	11
-430	2
-429	14
-428	10
-427	6
-426	8
-425	3
-424	16
-423	10
-422	3
-421	4
-420	6
-419	29
-418	17
-417	7
-416	3
-415	0
-414	1
-413	6
-412	6
-411	2
-410	7
-409	2
-408	7
-407	8
-406	5
-405	5
-404	52
-403	7
-402	3
-401	10
-400	1
-399	10
-398	13
-397	6
-396	3
-395	7
-394	8
-393	3
-392	7
-391	3
-390	17
-389	35
-388	52
-387	9
-386	4
-385	3
-384	6
-383	7
-382	4
-381	11
-380	5
-379	3
-378	8
-377	18
-376	4
-375	22
-374	5
-373	8
-372	15
-371	24
-370	14
-369	20
-368	39
-367	8
-366	29
-365	11
-364	4
-363	19
-362	52
-361	47
-360	19
-359	34
-358	6
-357	52
-356	26
-355	52
-354	21
-353	26
-352	14
-351	11
-350	7
-349	8
-348	7
-347	19
-346	3
-345	13
-344	4
-343	4
-342	20
-341	21
-340	17
-339	12
-338	17
-337	16
-336	31
-335	52
-334	19
-333	18
-332	13
-331	2
-330	4
-329	6
-328	5
-327	10
-326	52
-325	31
-324	44
-323	12
-322	4
-321	4
-320	33
-319	7
-318	22
-317	18
-316	26
-315	18
-314	14
-313	8
-312	18
-311	17
-310	13
-309	27
-308	13
-307	14
-306	22
-305	35
-304	11
-303	21
-302	7
-301	8
-300	7
-299	24
-298	28
-297	26
-296	12
-295	11
-294	45
-293	28
-292	8
-291	34
-290	24
-289	29
-288	52
-287	52
-286	20
-285	18
-284	25
-283	11
-282	25
-281	9
-280	4
-279	7
-278	17
-277	8
-276	13
-275	4
-274	5
-273	10
-272	12
-271	9
-270	7
-269	13
-268	13
-267	24
-266	26
-265	14
-264	46
-263	13
-262	7
-261	12
-260	23
-259	45
-258	3
-257	13
-256	6
-255	14
-254	10
-253	7
-252	2
-251	4
-250	2
-249	2
-248	7
-247	6
-246	14
-245	28
-244	15
-243	25
-242	52
-241	29
-240	24
-239	8
-238	3
-237	10
-236	19
-235	11
-234	12
-233	13
-232	10
-231	22
-230	19
-229	9
-228	12
-227	18
-226	10
-225	15
-224	20
-223	3
-222	8
-221	10
-220	7
-219	15
-218	13
-217	7
-216	12
-215	10
-214	6
-213	12
-212	52
-211	8
-210	14
-209	9
-208	12
-207	32
-206	52
-205	8
-204	26
-203	26
-202	15
-201	14
-200	28
-199	14
-198	39
-197	5
-196	14
-195	10
-194	25
-193	12
-192	18
-191	38
-190	16
-189	16
-188	28
-187	10
-186	12
-185	14
-184	12
-183	17
-182	8
-181	10
-180	15
-179	8
-178	14
-177	31
-176	52
-175	16
-174	21
-173	12
-172	8
-171	24
-170	11
-169	11
-168	11
-167	52
-166	13
-165	28
-164	11
-163	10
-162	30
-161	24
-160	37
-159	12
-158	18
-157	5
-156	18
-155	28
-154	18
-153	23
-152	52
-151	13
-150	52
-149	51
-148	37
-147	38
-146	52
-145	4
-144	16
-143	10
-142	3
-141	12
-140	27
-139	23
-138	10
-137	12
-136	4
-135	4
-134	4
-133	12
-132	36
-131	52
-130	52
-129	29
-128	14
-127	9
-126	2
-125	6
-124	7
-123	12
-122	13
-121	4
-120	18
-119	6
-118	2
-117	9
-116	5
-115	2
-114	7
-113	5
-112	0
-111	11
-110	7
-109	4
-108	8
-107	2
-106	3
-105	4
-104	6
-103	1
-102	0
-101	2
-100	0
-99	1
-98	1
-97	2
-96	1
-95	0
-94	2
-93	2
-92	1
-91	2
-90	1
-89	0
-88	3
-87	7
-86	6
-85	2
-84	2
-83	4
-82	2
-81	1
-80	1
-79	1
-78	1
-77	1
-76	8
-75	3
-74	1
-73	3
-72	0
-71	1
-70	2
-69	0
-68	2
-67	2
-66	2
-65	0
-64	2
-63	0
-62	3
-61	1
-60	2
-59	0
-58	2
-57	2
-56	0
-55	0
-54	0
-53	0
-52	2
-51	0
-50	1
-49	1
-48	0
-47	0
-46	0
-45	2
-44	1
-43	2
-42	2
-41	4
-40	1
-39	0
-38	0
-37	0
-36	1
-35	0
-34	1
-33	0
-32	1
-31	0
-30	1
-29	0
-28	0
-27	1
-26	0
-25	0
-24	0
-23	0
-22	0
-21	0
-20	0
-19	0
-18	1
-17	4
-16	3
-15	5
-14	0
-13	0
-12	0
-11	0
-10	0
-9	1
-8	1
-7	1
-6	8
-5	1
-4	3
-3	0
-2	0
-1	1
0	0
1	0
2	0
3	1
4	0
5	0
6	0
7	1
8	0
9	0
10	0
11	0
12	0
13	0
14	0
15	0
16	0
17	0
18	0
19	1
20	0
21	0
22	0
23	1
24	2
25	1
26	2
27	0
28	0
29	1
30	0
31	2
32	0
33	0
34	0
35	1
36	0
37	0
38	0
39	0
40	0
41	0
42	0
43	0
44	0
45	0
46	0
47	1
48	0
49	0
50	0
51	0
52	0
53	0
54	0
55	1
56	1
57	2
58	7
59	0
60	0
61	0
62	0
63	0
64	0
65	0
66	0
67	0
68	0
69	0
70	0
71	0
72	0
73	2
74	0
75	0
76	0
77	0
78	0
79	1
80	2
81	0
82	0
83	6
84	0
85	0
86	0
87	1
88	0
89	0
90	0
91	0
92	0
93	0
94	0
95	0
96	0
97	0
98	0
99	35
100	13
101	3
102	41
103	6
104	24
105	1
106	0
107	2
108	2
109	1
110	1
111	10
112	0
113	1
114	0
115	1
116	1
117	2
118	24
119	0
120	10
121	3
122	29
123	1
124	6
125	1
126	9
127	0
128	2
129	5
130	3
131	37
132	1
133	9
134	0
135	0
136	0
137	0
138	0
139	0
140	0
141	0
142	0
143	0
144	0
145	0
146	0
147	0
148	1
149	1
150	1
151	0
152	0
153	0
154	0
155	0
156	0
157	0
158	0
159	0
160	0
161	0
162	0
163	0
164	0
165	0
166	0
167	0
168	3
169	0
170	0
171	0
172	0
173	0
174	0
175	0
176	0
177	0
178	0
179	0
180	0
181	0
182	0
183	0
184	0
185	0
186	2
187	0
188	0
189	0
190	0
191	0
192	0
193	0
194	0
195	0
196	0
197	0
198	0
199	0
200	0
201	0
202	0
203	0
204	0
205	0
206	0
207	0
208	0
209	0
210	0
211	0
212	0
213	0
214	0
215	0
216	0
217	0
218	0
219	0
220	0
221	0
222	0
223	0
224	0
225	0
226	0
227	0
228	0
229	0
230	0
231	0
232	0
233	0
234	0
235	0
236	0
237	0
238	0
239	0
240	0
241	0
242	0
243	0
244	0
245	0
246	0
247	0
248	0
249	0
250	0
251	0
252	0
253	0
254	0
255	0
256	0
257	0
258	0
259	1
260	0
261	0
262	0
263	0
264	0
265	0
266	0
267	0
268	0
269	0
270	0
271	0
272	0
273	0
274	0
275	0
276	0
277	0
278	0
279	0
280	0
281	0
282	0
283	0
284	0
285	0
286	0
287	0
288	0
289	0
290	0
291	0
292	0
293	0
294	0
295	0
296	0
297	0
298	0
299	0
300	0
301	0
302	0
303	0
304	0
305	0
306	0
307	0
308	0
309	0
310	0
311	0
312	0
313	0
314	0
315	0
316	0
317	0
318	0
319	0
320	0
321	0
322	0
323	0
324	0
325	0
326	0
327	0
328	0
329	0
330	0
331	0
332	0
333	0
334	0
335	0
336	0
337	0
338	0
339	0
340	0
341	0
342	0
343	0
344	0
345	0
346	0
347	0
348	0
349	0
350	0
351	0
352	0
353	0
354	0
355	0
356	0
357	0
358	0
359	0
360	1
361	0
362	0
363	0
364	0
365	0
366	0
367	0
368	1
369	0
370	0
371	0
372	0
373	0
374	0
375	0
376	0
377	0
378	0
379	0
380	0
381	0
382	0
383	0
384	0
385	0
386	0
387	0
388	0
389	0
390	0
391	0
392	0
393	0
394	0
395	0
396	0
397	0
398	0
399	0
400	0
401	0
402	0
403	0
404	0
405	0
406	0
407	0
408	0
409	0
410	0
411	0
412	0
413	0
414	0
415	0
416	0
417	0
418	0
419	0
420	0
421	0
422	0
423	0
424	0
425	0
426	0
427	0
428	0
429	0
430	0
431	0
432	0
433	0
434	0
435	0
436	0
437	0
438	0
439	0
440	0
441	0
442	0
443	0
444	0
445	0
446	0
447	0
448	0
449	0
450	0
451	0
452	0
453	0
454	0
455	0
456	0
457	0
458	0
459	0
460	0
461	0
462	0
463	0
464	0
465	0
466	0
467	0
468	0
469	0
470	0
471	0
472	0
473	0
474	0
475	0
476	0
477	0
478	0
479	0
480	0
481	0
482	0
483	0
484	0
485	0
486	0
487	0
488	0
489	0
490	0
491	0
492	0
493	0
494	0
495	0
496	0
497	0
498	0
499	0
500	0
501	0
502	0
503	0
504	0
505	0
506	0
507	0
508	0
509	0
510	0
511	0
512	0
513	0
514	0
515	0
516	0
517	0
518	0
519	0
520	0
521	0
522	0
523	0
524	0
525	0
526	0
527	0
528	0
529	0
530	0
531	0
532	0
533	0
534	0
535	0
536	0
537	0
538	0
539	0
540	0
541	0
542	0
543	0
544	0
545	0
546	0
547	0
548	0
549	0
550	0
551	0
552	0
553	0
554	0
555	0
556	0
557	0
558	0
559	0
560	0
561	0
562	0
563	0
564	0
565	0
566	0
567	0
568	0
569	0
570	0
571	0
572	0
573	0
574	0
575	0
576	0
577	0
578	0
579	0
580	0
581	0
582	0
583	0
584	0
585	0
586	0
587	0
588	0
589	0
590	0
591	0
592	0
593	0
594	0
595	0
596	0
597	0
598	0
599	0
600	0
601	0
602	0
603	0
604	0
605	0
606	0
607	0
608	0
609	0
610	0
611	0
612	0
613	0
614	0
615	0
616	0
617	0
618	0
619	0
620	0
621	0
622	0
623	0
624	0
625	0
626	0
627	0
628	0
629	0
630	0
631	0
632	0
633	0
634	0
635	0
636	0
637	0
638	0
639	0
640	0
641	0
642	0
643	0
644	0
645	0
646	0
647	0
648	0
649	0
650	0
651	0
652	0
653	0
654	0
655	0
656	0
657	0
658	0
659	0
660	0
661	0
662	0
663	0
664	0
665	0
666	0
667	0
668	0
669	0
670	0
671	0
672	0
673	0
674	0
675	0
676	0
677	0
678	0
679	0
680	0
681	0
682	0
683	0
684	0
685	0
686	0
687	0
688	0
689	0
690	0
691	0
692	0
693	0
694	0
695	0
696	0
697	0
698	0
699	0
700	0
701	0
702	0
