-697	0
-696	0
-695	0
-694	0
-693	0
-692	0
-691	0
-690	0
-689	0
-688	0
-687	0
-686	0
-685	0
-684	0
-683	0
-682	0
-681	0
-680	0
-679	0
-678	0
-677	0
-676	0
-675	0
-674	0
-673	0
-672	0
-671	0
-670	0
-669	0
-668	0
-667	0
-666	0
-665	0
-664	0
-663	0
-662	0
-661	0
-660	0
-659	0
-658	0
-657	0
-656	0
-655	0
-654	0
-653	0
-652	0
-651	0
-650	0
-649	0
-648	0
-647	0
-646	0
-645	0
-644	0
-643	0
-642	0
-641	0
-640	0
-639	0
-638	0
-637	0
-636	0
-635	0
-634	0
-633	0
-632	0
-631	0
-630	0
-629	0
-628	0
-627	0
-626	0
-625	1
-624	0
-623	0
-622	0
-621	0
-620	0
-619	0
-618	0
-617	0
-616	0
-615	0
-614	0
-613	0
-612	0
-611	0
-610	0
-609	0
-608	0
-607	0
-606	0
-605	0
-604	0
-603	0
-602	0
-601	0
-600	0
-599	0
-598	0
-597	0
-596	0
-595	0
-594	0
-593	0
-592	0
-591	0
-590	0
-589	0
-588	0
-587	0
-586	0
-585	1
-584	0
-583	0
-582	0
-581	0
-580	1
-579	0
-578	0
-577	0
-576	0
-575	1
-574	0
-573	0
-572	0
-571	0
-570	0
-569	0
-568	0
-567	0
-566	0
-565	0
-564	0
-563	0
-562	0
-561	0
-560	0
-559	0
-558	0
-557	0
-556	0
-555	0
-554	0
-553	0
-552	1
-551	0
-550	0
-549	0
-548	1
-547	0
-546	0
-545	0
-544	0
-543	0
-542	0
-541	0
-540	0
-539	0
-538	0
-537	0
-536	0
-535	0
-534	0
-533	0
-532	0
-531	0
-530	0
-529	0
-528	0
-527	1
-526	0
-525	0
-524	0
-523	0
-522	0
-521	0
-520	0
-519	0
-518	0
-517	0
-516	0
-515	0
-514	0
-513	0
-512	0
-511	0
-510	0
-509	0
-508	0
-507	1
-506	0
-505	0
-504	0
-503	2
-502	0
-501	0
-500	0
-499	0
-498	0
-497	2
-496	0
-495	0
-494	0
-493	0
-492	1
-491	0
-490	1
-489	0
-488	0
-487	0
-486	0
-485	0
-484	0
-483	0
-482	0
-481	0
-480	0
-479	0
-478	0
-477	0
-476	1
-475	0
-474	0
-473	0
-472	0
-471	0
-470	0
-469	1
-468	0
-467	1
-466	0
-465	0
-464	0
-463	1
-462	1
-461	0
-460	0
-459	1
-458	0
-457	1
-456	0
-455	2
-454	0
-453	0
-452	0
-451	0
-450	0
-449	0
-448	1
-447	0
-446	1
-445	0
-444	0
-443	1
-442	0
-441	2
-440	0
-439	0
-438	0
-437	0
-436	0
-435	0
-434	1
-433	1
-432	0
-431	0
-430	0
-429	0
-428	0
-427	0
-426	1
-425	2
-424	0
-423	0
-422	0
-421	2
-420	0
-419	2
-418	0
-417	0
-416	1
-415	1
-414	0
-413	0
-412	0
-411	0
-410	1
-409	0
-408	0
-407	2
-406	1
-405	0
-404	2
-403	0
-402	0
-401	0
-400	0
-399	0
-398	1
-397	0
-396	3
-395	0
-394	1
-393	0
-392	1
-391	1
-390	1
-389	1
-388	0
-387	0
-386	1
-385	0
-384	0
-383	0
-382	0
-381	0
-380	0
-379	1
-378	5
-377	4
-376	1
-375	1
-374	1
-373	0
-372	0
-371	2
-370	2
-369	0
-368	3
-367	0
-366	0
-365	3
-364	1
-363	5
-362	0
-361	2
-360	1
-359	3
-358	1
-357	1
-356	2
-355	2
-354	1
-353	0
-352	2
-351	0
-350	1
-349	0
-348	0
-347	1
-346	4
-345	0
-344	3
-343	2
-342	0
-341	1
-340	1
-339	2
-338	0
-337	1
-336	3
-335	4
-334	1
-333	1
-332	0
-331	1
-330	2
-329	1
-328	2
-327	0
-326	3
-325	2
-324	2
-323	2
-322	0
-321	2
-320	0
-319	0
-318	0
-317	3
-316	0
-315	0
-314	7
-313	2
-312	3
-311	1
-310	1
-309	2
-308	2
-307	0
-306	4
-305	1
-304	1
-303	1
-302	4
-301	1
-300	3
-299	6
-298	7
-297	9
-296	3
-295	3
-294	4
-293	3
-292	4
-291	3
-290	13
-289	3
-288	4
-287	1
-286	1
-285	0
-284	1
-283	2
-282	2
-281	0
-280	1
-279	5
-278	3
-277	3
-276	0
-275	10
-274	13
-273	4
-272	0
-271	3
-270	2
-269	2
-268	6
-267	0
-266	7
-265	3
-264	6
-263	4
-262	3
-261	16
-260	15
-259	30
-258	23
-257	6
-256	7
-255	6
-254	13
-253	4
-252	7
-251	7
-250	5
-249	3
-248	2
-247	1
-246	3
-245	4
-244	18
-243	6
-242	1
-241	4
-240	3
-239	12
-238	8
-237	3
-236	0
-235	1
-234	1
-233	3
-232	2
-231	1
-230	2
-229	3
-228	1
-227	6
-226	3
-225	3
-224	1
-223	6
-222	18
-221	0
-220	6
-219	4
-218	5
-217	9
-216	11
-215	15
-214	6
-213	3
-212	7
-211	17
-210	12
-209	12
-208	2
-207	5
-206	12
-205	5
-204	4
-203	4
-202	4
-201	8
-200	8
-199	6
-198	2
-197	12
-196	10
-195	7
-194	10
-193	5
-192	13
-191	19
-190	8
-189	7
-188	11
-187	6
-186	19
-185	16
-184	4
-183	0
-182	6
-181	10
-180	23
-179	7
-178	3
-177	4
-176	3
-175	9
-174	4
-173	13
-172	7
-171	11
-170	13
-169	3
-168	10
-167	8
-166	11
-165	8
-164	10
-163	6
-162	8
-161	8
-160	9
-159	6
-158	11
-157	5
-156	14
-155	30
-154	19
-153	9
-152	5
-151	2
-150	8
-149	8
-148	3
-147	6
-146	7
-145	6
-144	6
-143	12
-142	4
-141	4
-140	7
-139	4
-138	4
-137	3
-136	12
-135	15
-134	30
-133	6
-132	9
-131	7
-130	7
-129	7
-128	8
-127	3
-126	13
-125	4
-124	3
-123	6
-122	5
-121	1
-120	6
-119	3
-118	4
-117	2
-116	6
-115	11
-114	6
-113	22
-112	15
-111	12
-110	30
-109	9
-108	10
-107	14
-106	16
-105	6
-104	11
-103	3
-102	2
-101	2
-100	14
-99	10
-98	8
-97	6
-96	5
-95	4
-94	6
-93	8
-92	9
-91	7
-90	11
-89	30
-88	9
-87	25
-86	17
-85	6
-84	4
-83	7
-82	2
-81	3
-80	4
-79	30
-78	1
-77	16
-76	3
-75	6
-74	5
-73	2
-72	5
-71	1
-70	3
-69	3
-68	3
-67	0
-66	2
-65	2
-64	1
-63	0
-62	1
-61	1
-60	2
-59	3
-58	0
-57	1
-56	1
-55	1
-54	1
-53	2
-52	3
-51	4
-50	3
-49	3
-48	1
-47	1
-46	1
-45	2
-44	1
-43	3
-42	0
-41	1
-40	2
-39	2
-38	7
-37	7
-36	2
-35	1
-34	0
-33	0
-32	1
-31	0
-30	0
-29	1
-28	0
-27	3
-26	2
-25	1
-24	0
-23	0
-22	0
-21	0
-20	1
-19	0
-18	0
-17	2
-16	0
-15	0
-14	0
-13	1
-12	1
-11	1
-10	1
-9	0
-8	0
-7	0
-6	1
-5	0
-4	0
-3	0
-2	1
-1	0
0	1
1	0
2	1
3	0
4	0
5	2
6	0
7	0
8	6
9	1
10	2
11	1
12	2
13	3
14	10
15	3
16	2
17	2
18	8
19	10
20	12
21	1
22	0
23	1
24	1
25	0
26	1
27	0
28	0
29	0
30	0
31	2
32	0
33	0
34	0
35	0
36	2
37	2
38	2
39	0
40	0
41	0
42	1
43	0
44	1
45	0
46	0
47	0
48	0
49	0
50	0
51	1
52	0
53	0
54	0
55	0
56	0
57	0
58	0
59	0
60	0
61	0
62	0
63	0
64	0
65	0
66	0
67	0
68	0
69	0
70	0
71	0
72	0
73	0
74	0
75	0
76	0
77	0
78	0
79	0
80	0
81	0
82	0
83	0
84	0
85	0
86	0
87	0
88	0
89	0
90	0
91	3
92	0
93	2
94	0
95	0
96	0
97	0
98	0
99	0
100	0
101	0
102	0
103	0
104	0
105	0
106	0
107	0
108	0
109	0
110	1
111	0
112	0
113	0
114	0
115	0
116	0
117	0
118	0
119	0
120	0
121	0
122	0
123	0
124	0
125	0
126	0
127	0
128	0
129	0
130	0
131	0
132	0
133	0
134	0
135	0
136	0
137	0
138	0
139	0
140	0
141	0
142	0
143	0
144	0
145	0
146	0
147	0
148	0
149	0
150	0
151	0
152	0
153	0
154	0
155	0
156	0
157	0
158	0
159	0
160	0
161	0
162	0
163	0
164	0
165	0
166	0
167	0
168	0
169	0
170	0
171	0
172	0
173	0
174	0
175	0
176	0
177	0
178	0
179	0
180	0
181	0
182	0
183	0
184	0
185	0
186	0
187	0
188	0
189	0
190	0
191	0
192	0
193	0
194	0
195	0
196	0
197	0
198	0
199	0
200	0
201	0
202	0
203	0
204	0
205	0
206	0
207	0
208	3
209	0
210	0
211	1
212	0
213	0
214	0
215	2
216	0
217	0
218	0
219	0
220	0
221	0
222	0
223	0
224	0
225	0
226	0
227	0
228	0
229	0
230	0
231	0
232	0
233	0
234	0
235	0
236	0
237	0
238	0
239	0
240	0
241	0
242	0
243	0
244	0
245	0
246	0
247	0
248	0
249	0
250	0
251	0
252	0
253	0
254	0
255	0
256	0
257	0
258	0
259	0
260	0
261	0
262	0
263	0
264	0
265	0
266	0
267	0
268	0
269	0
270	0
271	0
272	0
273	0
274	0
275	0
276	0
277	0
278	0
279	0
280	0
281	0
282	0
283	0
284	0
285	0
286	0
287	0
288	0
289	0
290	0
291	0
292	0
293	0
294	0
295	0
296	0
297	0
298	0
299	0
300	0
301	0
302	0
303	0
304	0
305	0
306	0
307	0
308	0
309	0
310	0
311	0
312	0
313	0
314	0
315	0
316	0
317	0
318	0
319	0
320	0
321	0
322	0
323	0
324	0
325	0
326	0
327	0
328	0
329	0
330	0
331	0
332	0
333	0
334	0
335	0
336	0
337	0
338	0
339	0
340	0
341	0
342	0
343	0
344	0
345	0
346	0
347	0
348	0
349	0
350	0
351	0
352	0
353	0
354	0
355	0
356	0
357	0
358	0
359	0
360	0
361	0
362	0
363	0
364	0
365	0
366	0
367	0
368	0
369	0
370	0
371	0
372	0
373	0
374	0
375	0
376	0
377	0
378	0
379	0
380	0
381	0
382	0
383	0
384	0
385	0
386	0
387	0
388	0
389	0
390	0
391	0
392	0
393	0
394	0
395	0
396	0
397	0
398	0
399	0
400	0
401	0
402	0
403	0
404	0
405	0
406	0
407	0
408	0
409	0
410	0
411	0
412	0
413	0
414	0
415	0
416	0
417	0
418	0
419	0
420	0
421	0
422	0
423	0
424	0
425	0
426	0
427	0
428	0
429	0
430	0
431	0
432	0
433	0
434	0
435	0
436	0
437	0
438	0
439	0
440	0
441	0
442	0
443	0
444	0
445	0
446	0
447	0
448	0
449	0
450	0
451	0
452	0
453	0
454	0
455	0
456	0
457	0
458	0
459	0
460	0
461	0
462	0
463	0
464	0
465	0
466	0
467	0
468	0
469	0
470	0
471	0
472	0
473	0
474	0
475	0
476	0
477	0
478	0
479	0
480	0
481	0
482	0
483	0
484	0
485	0
486	0
487	0
488	0
489	0
490	0
491	0
492	0
493	0
494	0
495	0
496	0
497	0
498	0
499	0
500	0
501	0
502	0
503	0
504	0
505	0
506	0
507	0
508	0
509	0
510	0
511	0
512	0
513	0
514	0
515	0
516	0
517	0
518	0
519	0
520	0
521	0
522	0
523	0
524	0
525	1
526	5
527	0
528	0
529	0
530	0
531	0
532	0
533	0
534	0
535	0
536	0
537	0
538	0
539	0
540	0
541	0
542	0
543	0
544	0
545	0
546	0
547	0
548	0
549	0
550	0
551	0
552	0
553	0
554	0
555	0
556	0
557	0
558	0
559	2
560	0
561	0
562	0
563	4
564	2
565	5
566	1
567	1
568	0
569	0
570	0
571	0
572	0
573	0
574	0
575	0
576	0
577	0
578	0
579	0
580	0
581	0
582	0
583	0
584	0
585	0
586	0
587	0
588	0
589	0
590	0
591	0
592	0
593	0
594	0
595	0
596	0
597	0
598	0
599	0
600	0
601	0
602	0
603	0
604	0
605	0
606	0
607	0
608	0
609	0
610	0
611	0
612	0
613	0
614	0
615	0
616	0
617	0
618	0
619	0
620	0
621	0
622	0
623	0
624	0
625	0
626	0
627	0
628	0
629	0
630	0
631	0
632	0
633	0
634	0
635	0
636	0
637	0
638	0
639	0
640	0
641	0
642	0
643	0
644	0
645	0
646	0
647	0
648	0
649	0
650	0
651	0
652	0
653	0
654	0
655	0
656	0
657	0
658	0
659	0
660	0
661	0
662	0
663	0
664	0
665	0
666	0
667	0
668	0
669	0
670	0
671	0
672	0
673	0
674	0
675	0
676	0
677	0
678	0
679	0
680	0
681	0
682	0
683	0
684	0
685	0
686	0
687	0
688	0
689	0
690	0
691	0
692	0
693	0
694	0
695	0
696	0
697	0
698	0
699	0
700	0
701	0
702	0
