-697	1
-696	0
-695	0
-694	0
-693	0
-692	0
-691	0
-690	0
-689	1
-688	0
-687	0
-686	0
-685	0
-684	0
-683	0
-682	0
-681	0
-680	0
-679	0
-678	0
-677	0
-676	0
-675	0
-674	0
-673	0
-672	1
-671	1
-670	0
-669	0
-668	0
-667	0
-666	0
-665	0
-664	0
-663	0
-662	0
-661	0
-660	1
-659	0
-658	0
-657	0
-656	0
-655	0
-654	0
-653	0
-652	0
-651	0
-650	0
-649	1
-648	0
-647	0
-646	0
-645	0
-644	0
-643	0
-642	0
-641	1
-640	0
-639	0
-638	0
-637	0
-636	0
-635	0
-634	0
-633	0
-632	0
-631	0
-630	0
-629	0
-628	0
-627	0
-626	0
-625	0
-624	0
-623	0
-622	0
-621	0
-620	0
-619	0
-618	0
-617	0
-616	0
-615	1
-614	0
-613	0
-612	0
-611	0
-610	0
-609	0
-608	0
-607	0
-606	0
-605	1
-604	0
-603	1
-602	1
-601	0
-600	0
-599	0
-598	0
-597	0
-596	0
-595	0
-594	1
-593	1
-592	0
-591	0
-590	0
-589	0
-588	0
-587	0
-586	0
-585	0
-584	0
-583	0
-582	0
-581	0
-580	0
-579	0
-578	0
-577	0
-576	0
-575	0
-574	0
-573	0
-572	1
-571	0
-570	0
-569	0
-568	0
-567	0
-566	1
-565	0
-564	1
-563	0
-562	0
-561	1
-560	0
-559	0
-558	0
-557	0
-556	0
-555	0
-554	0
-553	0
-552	0
-551	0
-550	0
-549	0
-548	1
-547	1
-546	1
-545	0
-544	0
-543	2
-542	1
-541	0
-540	0
-539	0
-538	0
-537	0
-536	0
-535	0
-534	0
-533	0
-532	0
-531	0
-530	1
-529	0
-528	0
-527	1
-526	0
-525	0
-524	1
-523	0
-522	0
-521	1
-520	1
-519	0
-518	0
-517	0
-516	0
-515	0
-514	0
-513	0
-512	0
-511	1
-510	2
-509	1
-508	0
-507	0
-506	2
-505	0
-504	0
-503	0
-502	0
-501	0
-500	1
-499	0
-498	1
-497	2
-496	0
-495	0
-494	0
-493	0
-492	0
-491	2
-490	0
-489	0
-488	0
-487	1
-486	0
-485	1
-484	0
-483	0
-482	0
-481	0
-480	0
-479	0
-478	0
-477	1
-476	1
-475	0
-474	0
-473	0
-472	0
-471	0
-470	3
-469	0
-468	1
-467	5
-466	1
-465	0
-464	0
-463	1
-462	1
-461	0
-460	0
-459	0
-458	0
-457	1
-456	1
-455	1
-454	0
-453	0
-452	1
-451	0
-450	0
-449	0
-448	2
-447	0
-446	4
-445	2
-444	2
-443	1
-442	1
-441	1
-440	3
-439	1
-438	1
-437	0
-436	0
-435	2
-434	0
-433	1
-432	4
-431	4
-430	1
-429	2
-428	1
-427	0
-426	0
-425	1
-424	0
-423	1
-422	2
-421	0
-420	2
-419	0
-418	1
-417	3
-416	1
-415	0
-414	4
-413	0
-412	2
-411	4
-410	0
-409	4
-408	2
-407	0
-406	2
-405	0
-404	2
-403	1
-402	3
-401	4
-400	0
-399	2
-398	2
-397	1
-396	2
-395	0
-394	9
-393	2
-392	1
-391	0
-390	1
-389	0
-388	0
-387	3
-386	4
-385	4
-384	9
-383	2
-382	1
-381	4
-380	3
-379	2
-378	5
-377	6
-376	2
-375	2
-374	2
-373	0
-372	2
-371	3
-370	0
-369	2
-368	6
-367	2
-366	2
-365	1
-364	1
-363	3
-362	2
-361	1
-360	2
-359	1
-358	0
-357	0
-356	6
-355	1
-354	4
-353	6
-352	4
-351	6
-350	4
-349	4
-348	8
-347	9
-346	3
-345	3
-344	0
-343	8
-342	14
-341	3
-340	3
-339	10
-338	7
-337	6
-336	5
-335	6
-334	3
-333	10
-332	6
-331	8
-330	9
-329	16
-328	4
-327	3
-326	10
-325	2
-324	10
-323	12
-322	1
-321	4
-320	3
-319	11
-318	17
-317	19
-316	0
-315	1
-314	2
-313	1
-312	14
-311	14
-310	5
-309	2
-308	39
-307	1
-306	2
-305	3
-304	1
-303	5
-302	6
-301	2
-300	11
-299	15
-298	4
-297	4
-296	5
-295	8
-294	10
-293	17
-292	12
-291	11
-290	6
-289	17
-288	43
-287	22
-286	4
-285	6
-284	3
-283	5
-282	8
-281	8
-280	5
-279	10
-278	7
-277	5
-276	10
-275	13
-274	8
-273	10
-272	9
-271	6
-270	2
-269	7
-268	0
-267	12
-266	20
-265	18
-264	8
-263	7
-262	9
-261	27
-260	11
-259	6
-258	11
-257	6
-256	5
-255	4
-254	16
-253	10
-252	9
-251	19
-250	16
-249	6
-248	20
-247	6
-246	13
-245	32
-244	5
-243	13
-242	27
-241	6
-240	22
-239	17
-238	5
-237	13
-236	19
-235	10
-234	11
-233	17
-232	12
-231	9
-230	8
-229	2
-228	9
-227	1
-226	6
-225	10
-224	9
-223	2
-222	7
-221	6
-220	7
-219	8
-218	18
-217	6
-216	14
-215	5
-214	1
-213	4
-212	14
-211	4
-210	3
-209	8
-208	7
-207	40
-206	17
-205	7
-204	11
-203	9
-202	6
-201	6
-200	16
-199	9
-198	7
-197	5
-196	6
-195	5
-194	3
-193	10
-192	12
-191	23
-190	3
-189	5
-188	5
-187	8
-186	4
-185	7
-184	3
-183	4
-182	10
-181	5
-180	10
-179	5
-178	10
-177	11
-176	13
-175	11
-174	13
-173	9
-172	11
-171	21
-170	13
-169	11
-168	11
-167	23
-166	12
-165	21
-164	4
-163	11
-162	16
-161	6
-160	8
-159	5
-158	19
-157	20
-156	28
-155	13
-154	20
-153	6
-152	10
-151	6
-150	12
-149	8
-148	8
-147	11
-146	19
-145	10
-144	22
-143	11
-142	3
-141	7
-140	10
-139	18
-138	19
-137	33
-136	21
-135	29
-134	22
-133	19
-132	18
-131	20
-130	9
-129	15
-128	33
-127	12
-126	32
-125	22
-124	19
-123	7
-122	13
-121	14
-120	13
-119	23
-118	21
-117	15
-116	16
-115	16
-114	31
-113	43
-112	24
-111	27
-110	34
-109	10
-108	36
-107	29
-106	16
-105	27
-104	16
-103	16
-102	21
-101	13
-100	13
-99	19
-98	18
-97	12
-96	30
-95	43
-94	26
-93	17
-92	7
-91	13
-90	14
-89	18
-88	13
-87	9
-86	15
-85	6
-84	7
-83	35
-82	10
-81	19
-80	11
-79	9
-78	29
-77	41
-76	10
-75	43
-74	41
-73	43
-72	9
-71	9
-70	9
-69	10
-68	13
-67	8
-66	6
-65	12
-64	14
-63	17
-62	21
-61	6
-60	3
-59	4
-58	2
-57	1
-56	2
-55	1
-54	3
-53	3
-52	1
-51	5
-50	8
-49	2
-48	10
-47	7
-46	9
-45	7
-44	8
-43	6
-42	24
-41	14
-40	5
-39	5
-38	4
-37	4
-36	4
-35	1
-34	4
-33	2
-32	4
-31	5
-30	1
-29	3
-28	3
-27	1
-26	3
-25	1
-24	5
-23	0
-22	3
-21	7
-20	0
-19	1
-18	2
-17	6
-16	5
-15	3
-14	0
-13	2
-12	1
-11	0
-10	1
-9	2
-8	1
-7	0
-6	0
-5	3
-4	0
-3	1
-2	0
-1	1
0	2
1	2
2	1
3	0
4	0
5	0
6	0
7	0
8	0
9	0
10	1
11	1
12	0
13	0
14	0
15	0
16	0
17	1
18	0
19	0
20	0
21	0
22	0
23	0
24	0
25	0
26	0
27	0
28	0
29	0
30	0
31	0
32	0
33	1
34	1
35	0
36	0
37	0
38	1
39	0
40	0
41	0
42	1
43	0
44	1
45	0
46	0
47	0
48	0
49	0
50	0
51	0
52	0
53	0
54	0
55	1
56	0
57	0
58	1
59	0
60	1
61	0
62	0
63	0
64	0
65	0
66	0
67	0
68	0
69	0
70	0
71	0
72	0
73	0
74	0
75	0
76	0
77	0
78	0
79	0
80	0
81	0
82	0
83	0
84	0
85	0
86	0
87	0
88	0
89	0
90	0
91	0
92	0
93	0
94	0
95	0
96	0
97	0
98	0
99	0
100	0
101	0
102	0
103	0
104	0
105	0
106	0
107	0
108	0
109	0
110	0
111	0
112	0
113	0
114	0
115	0
116	0
117	0
118	0
119	0
120	0
121	0
122	0
123	0
124	0
125	0
126	0
127	0
128	0
129	0
130	0
131	0
132	0
133	0
134	0
135	0
136	0
137	0
138	0
139	0
140	0
141	0
142	0
143	0
144	0
145	0
146	0
147	0
148	0
149	0
150	0
151	0
152	0
153	0
154	0
155	0
156	0
157	0
158	0
159	0
160	0
161	0
162	0
163	0
164	0
165	0
166	0
167	0
168	0
169	0
170	0
171	0
172	0
173	0
174	0
175	0
176	0
177	0
178	0
179	0
180	0
181	0
182	0
183	0
184	0
185	0
186	0
187	0
188	0
189	0
190	0
191	0
192	0
193	0
194	0
195	0
196	0
197	0
198	0
199	0
200	0
201	0
202	0
203	0
204	0
205	0
206	0
207	0
208	0
209	0
210	0
211	0
212	0
213	0
214	0
215	0
216	0
217	0
218	0
219	0
220	0
221	0
222	0
223	0
224	0
225	0
226	0
227	0
228	0
229	0
230	0
231	0
232	0
233	0
234	0
235	0
236	0
237	0
238	0
239	0
240	0
241	0
242	0
243	0
244	0
245	0
246	0
247	0
248	0
249	0
250	0
251	0
252	0
253	0
254	0
255	0
256	0
257	0
258	0
259	0
260	0
261	0
262	0
263	0
264	0
265	0
266	0
267	0
268	0
269	0
270	0
271	0
272	0
273	0
274	0
275	0
276	0
277	0
278	0
279	0
280	0
281	0
282	0
283	0
284	0
285	0
286	0
287	0
288	0
289	0
290	0
291	0
292	0
293	0
294	0
295	0
296	1
297	0
298	0
299	0
300	0
301	0
302	0
303	0
304	0
305	0
306	0
307	0
308	0
309	0
310	0
311	0
312	0
313	0
314	0
315	0
316	0
317	0
318	0
319	0
320	0
321	0
322	0
323	0
324	0
325	0
326	0
327	0
328	0
329	0
330	0
331	0
332	0
333	0
334	0
335	0
336	0
337	0
338	0
339	0
340	0
341	0
342	0
343	0
344	0
345	0
346	0
347	0
348	0
349	0
350	0
351	0
352	0
353	0
354	0
355	0
356	0
357	0
358	0
359	0
360	0
361	0
362	0
363	0
364	0
365	0
366	0
367	0
368	0
369	0
370	0
371	0
372	0
373	0
374	0
375	0
376	0
377	0
378	0
379	0
380	0
381	0
382	1
383	0
384	0
385	0
386	0
387	0
388	0
389	0
390	0
391	0
392	0
393	0
394	0
395	0
396	0
397	0
398	0
399	0
400	0
401	0
402	0
403	0
404	0
405	0
406	0
407	0
408	0
409	0
410	0
411	0
412	0
413	0
414	0
415	0
416	0
417	0
418	0
419	0
420	0
421	0
422	0
423	0
424	0
425	0
426	0
427	0
428	0
429	0
430	0
431	0
432	0
433	0
434	0
435	0
436	0
437	0
438	0
439	0
440	0
441	0
442	0
443	0
444	0
445	0
446	0
447	0
448	0
449	0
450	0
451	0
452	0
453	0
454	0
455	0
456	0
457	0
458	0
459	0
460	0
461	0
462	0
463	0
464	0
465	0
466	0
467	0
468	0
469	0
470	0
471	0
472	0
473	0
474	0
475	0
476	0
477	0
478	0
479	0
480	0
481	0
482	0
483	0
484	0
485	0
486	0
487	0
488	0
489	0
490	0
491	0
492	0
493	0
494	0
495	0
496	0
497	0
498	0
499	0
500	0
501	0
502	3
503	0
504	0
505	0
506	0
507	0
508	0
509	0
510	0
511	0
512	0
513	0
514	0
515	0
516	0
517	0
518	0
519	0
520	0
521	0
522	0
523	0
524	0
525	0
526	0
527	0
528	0
529	0
530	0
531	0
532	0
533	0
534	0
535	0
536	0
537	0
538	0
539	0
540	0
541	0
542	0
543	0
544	0
545	0
546	0
547	0
548	0
549	0
550	0
551	0
552	0
553	0
554	0
555	0
556	0
557	0
558	0
559	0
560	0
561	0
562	0
563	0
564	0
565	0
566	0
567	0
568	0
569	0
570	0
571	0
572	0
573	0
574	0
575	0
576	0
577	0
578	0
579	0
580	0
581	0
582	0
583	0
584	0
585	0
586	0
587	0
588	0
589	0
590	0
591	0
592	0
593	0
594	0
595	0
596	0
597	0
598	0
599	0
600	0
601	0
602	1
603	0
604	0
605	0
606	0
607	0
608	0
609	0
610	0
611	0
612	0
613	0
614	0
615	0
616	0
617	0
618	0
619	0
620	1
621	0
622	0
623	0
624	0
625	0
626	0
627	0
628	0
629	0
630	0
631	0
632	0
633	0
634	0
635	0
636	0
637	0
638	0
639	0
640	0
641	0
642	0
643	0
644	0
645	0
646	0
647	0
648	0
649	0
650	0
651	0
652	0
653	0
654	0
655	0
656	0
657	0
658	0
659	0
660	0
661	0
662	0
663	0
664	0
665	0
666	0
667	0
668	0
669	0
670	0
671	0
672	0
673	0
674	0
675	0
676	0
677	0
678	0
679	0
680	0
681	0
682	0
683	0
684	0
685	0
686	0
687	0
688	0
689	0
690	0
691	0
692	0
693	0
694	0
695	0
696	0
697	0
698	0
699	0
700	0
701	0
702	0
