-697	0
-696	0
-695	0
-694	0
-693	0
-692	1
-691	0
-690	0
-689	0
-688	0
-687	0
-686	0
-685	0
-684	0
-683	0
-682	0
-681	0
-680	1
-679	0
-678	0
-677	0
-676	0
-675	0
-674	0
-673	0
-672	0
-671	0
-670	0
-669	0
-668	0
-667	0
-666	0
-665	0
-664	0
-663	1
-662	0
-661	0
-660	0
-659	0
-658	0
-657	0
-656	0
-655	0
-654	0
-653	0
-652	0
-651	0
-650	0
-649	0
-648	0
-647	0
-646	0
-645	0
-644	0
-643	0
-642	0
-641	0
-640	0
-639	0
-638	0
-637	0
-636	0
-635	0
-634	0
-633	0
-632	0
-631	0
-630	0
-629	0
-628	0
-627	0
-626	0
-625	1
-624	0
-623	0
-622	0
-621	0
-620	0
-619	0
-618	0
-617	1
-616	0
-615	0
-614	0
-613	0
-612	0
-611	0
-610	1
-609	0
-608	0
-607	0
-606	0
-605	0
-604	0
-603	1
-602	0
-601	0
-600	1
-599	0
-598	0
-597	0
-596	1
-595	0
-594	0
-593	0
-592	0
-591	1
-590	0
-589	0
-588	0
-587	0
-586	0
-585	0
-584	0
-583	0
-582	0
-581	0
-580	0
-579	0
-578	1
-577	0
-576	1
-575	0
-574	0
-573	0
-572	0
-571	0
-570	0
-569	0
-568	0
-567	0
-566	0
-565	0
-564	0
-563	0
-562	0
-561	0
-560	0
-559	0
-558	0
-557	0
-556	0
-555	0
-554	1
-553	0
-552	0
-551	0
-550	0
-549	0
-548	0
-547	0
-546	1
-545	1
-544	0
-543	6
-542	4
-541	0
-540	1
-539	1
-538	0
-537	0
-536	0
-535	0
-534	0
-533	0
-532	0
-531	0
-530	0
-529	1
-528	0
-527	0
-526	1
-525	0
-524	0
-523	0
-522	0
-521	0
-520	1
-519	0
-518	0
-517	0
-516	0
-515	2
-514	0
-513	2
-512	0
-511	0
-510	0
-509	1
-508	0
-507	0
-506	0
-505	1
-504	0
-503	0
-502	0
-501	0
-500	1
-499	0
-498	2
-497	0
-496	0
-495	0
-494	0
-493	0
-492	1
-491	0
-490	1
-489	0
-488	1
-487	0
-486	0
-485	0
-484	0
-483	1
-482	2
-481	0
-480	0
-479	2
-478	1
-477	1
-476	0
-475	1
-474	0
-473	0
-472	1
-471	0
-470	2
-469	1
-468	0
-467	5
-466	1
-465	0
-464	0
-463	0
-462	1
-461	1
-460	0
-459	0
-458	1
-457	0
-456	3
-455	1
-454	2
-453	0
-452	1
-451	0
-450	2
-449	2
-448	0
-447	3
-446	2
-445	1
-444	1
-443	1
-442	1
-441	1
-440	1
-439	0
-438	1
-437	0
-436	1
-435	1
-434	0
-433	3
-432	2
-431	1
-430	0
-429	0
-428	1
-427	0
-426	1
-425	0
-424	1
-423	1
-422	0
-421	0
-420	0
-419	0
-418	2
-417	1
-416	2
-415	0
-414	0
-413	0
-412	1
-411	1
-410	10
-409	1
-408	3
-407	3
-406	3
-405	0
-404	4
-403	1
-402	2
-401	2
-400	2
-399	1
-398	2
-397	7
-396	5
-395	4
-394	8
-393	3
-392	1
-391	0
-390	1
-389	3
-388	5
-387	0
-386	2
-385	2
-384	15
-383	3
-382	4
-381	4
-380	2
-379	3
-378	6
-377	11
-376	3
-375	3
-374	4
-373	0
-372	0
-371	4
-370	1
-369	1
-368	3
-367	1
-366	3
-365	0
-364	0
-363	3
-362	2
-361	2
-360	0
-359	1
-358	2
-357	1
-356	3
-355	3
-354	6
-353	4
-352	7
-351	4
-350	2
-349	6
-348	15
-347	8
-346	3
-345	10
-344	3
-343	5
-342	13
-341	1
-340	4
-339	10
-338	4
-337	3
-336	4
-335	5
-334	6
-333	9
-332	14
-331	6
-330	4
-329	6
-328	10
-327	2
-326	8
-325	2
-324	7
-323	12
-322	3
-321	6
-320	6
-319	13
-318	11
-317	17
-316	1
-315	3
-314	2
-313	4
-312	9
-311	14
-310	4
-309	1
-308	33
-307	1
-306	4
-305	3
-304	4
-303	7
-302	5
-301	2
-300	15
-299	11
-298	8
-297	4
-296	2
-295	11
-294	8
-293	16
-292	10
-291	19
-290	10
-289	16
-288	33
-287	19
-286	5
-285	14
-284	6
-283	11
-282	14
-281	14
-280	4
-279	9
-278	7
-277	4
-276	10
-275	12
-274	4
-273	3
-272	11
-271	3
-270	5
-269	4
-268	3
-267	9
-266	13
-265	15
-264	8
-263	14
-262	5
-261	16
-260	14
-259	12
-258	8
-257	8
-256	1
-255	6
-254	15
-253	11
-252	12
-251	20
-250	11
-249	12
-248	14
-247	3
-246	4
-245	24
-244	10
-243	8
-242	17
-241	11
-240	11
-239	10
-238	6
-237	9
-236	11
-235	4
-234	10
-233	5
-232	7
-231	7
-230	9
-229	2
-228	8
-227	8
-226	5
-225	7
-224	7
-223	3
-222	14
-221	8
-220	5
-219	7
-218	16
-217	6
-216	9
-215	3
-214	1
-213	5
-212	3
-211	5
-210	1
-209	6
-208	7
-207	19
-206	9
-205	2
-204	9
-203	5
-202	4
-201	5
-200	8
-199	3
-198	8
-197	3
-196	5
-195	2
-194	5
-193	6
-192	7
-191	27
-190	5
-189	1
-188	2
-187	14
-186	6
-185	6
-184	4
-183	4
-182	8
-181	4
-180	13
-179	8
-178	7
-177	9
-176	5
-175	14
-174	8
-173	5
-172	14
-171	14
-170	10
-169	10
-168	13
-167	18
-166	9
-165	16
-164	7
-163	3
-162	14
-161	12
-160	8
-159	10
-158	16
-157	13
-156	31
-155	16
-154	12
-153	5
-152	12
-151	6
-150	2
-149	1
-148	14
-147	3
-146	12
-145	6
-144	25
-143	7
-142	3
-141	13
-140	12
-139	12
-138	14
-137	29
-136	17
-135	25
-134	26
-133	18
-132	17
-131	17
-130	7
-129	17
-128	25
-127	5
-126	22
-125	25
-124	14
-123	11
-122	13
-121	9
-120	7
-119	15
-118	14
-117	15
-116	12
-115	9
-114	18
-113	21
-112	5
-111	17
-110	12
-109	11
-108	12
-107	13
-106	12
-105	18
-104	19
-103	18
-102	10
-101	10
-100	11
-99	13
-98	14
-97	9
-96	25
-95	33
-94	11
-93	16
-92	6
-91	3
-90	11
-89	11
-88	6
-87	7
-86	6
-85	6
-84	3
-83	22
-82	8
-81	11
-80	16
-79	8
-78	19
-77	17
-76	2
-75	27
-74	33
-73	33
-72	8
-71	5
-70	1
-69	8
-68	3
-67	8
-66	10
-65	9
-64	10
-63	13
-62	14
-61	2
-60	2
-59	0
-58	1
-57	1
-56	0
-55	1
-54	1
-53	2
-52	1
-51	3
-50	4
-49	0
-48	4
-47	14
-46	1
-45	0
-44	2
-43	2
-42	6
-41	4
-40	2
-39	3
-38	0
-37	0
-36	1
-35	0
-34	1
-33	1
-32	0
-31	2
-30	0
-29	1
-28	2
-27	0
-26	1
-25	2
-24	0
-23	0
-22	1
-21	1
-20	1
-19	0
-18	2
-17	2
-16	0
-15	0
-14	1
-13	0
-12	0
-11	1
-10	0
-9	0
-8	0
-7	0
-6	0
-5	0
-4	0
-3	0
-2	0
-1	0
0	1
1	0
2	0
3	0
4	0
5	0
6	0
7	0
8	0
9	0
10	0
11	1
12	0
13	0
14	0
15	0
16	0
17	0
18	2
19	0
20	0
21	0
22	0
23	0
24	0
25	0
26	0
27	0
28	0
29	0
30	0
31	0
32	0
33	0
34	0
35	0
36	0
37	0
38	1
39	1
40	0
41	0
42	0
43	0
44	0
45	1
46	0
47	0
48	0
49	1
50	0
51	0
52	0
53	0
54	0
55	0
56	0
57	0
58	1
59	0
60	0
61	0
62	0
63	0
64	0
65	0
66	0
67	0
68	0
69	0
70	0
71	0
72	0
73	0
74	0
75	0
76	0
77	0
78	0
79	0
80	0
81	0
82	0
83	0
84	0
85	0
86	0
87	0
88	0
89	0
90	0
91	0
92	0
93	0
94	0
95	0
96	0
97	0
98	0
99	0
100	0
101	0
102	0
103	0
104	0
105	0
106	0
107	0
108	0
109	0
110	0
111	0
112	0
113	0
114	1
115	0
116	0
117	0
118	0
119	0
120	0
121	0
122	0
123	0
124	0
125	0
126	0
127	0
128	0
129	0
130	0
131	0
132	0
133	0
134	0
135	0
136	0
137	0
138	0
139	0
140	0
141	0
142	0
143	0
144	0
145	0
146	0
147	0
148	0
149	0
150	0
151	0
152	0
153	0
154	0
155	0
156	0
157	0
158	0
159	0
160	0
161	0
162	0
163	0
164	0
165	0
166	0
167	0
168	0
169	0
170	0
171	0
172	0
173	0
174	0
175	0
176	0
177	0
178	0
179	0
180	0
181	0
182	0
183	0
184	0
185	0
186	0
187	0
188	0
189	0
190	0
191	0
192	0
193	0
194	0
195	0
196	0
197	0
198	0
199	0
200	0
201	0
202	0
203	0
204	0
205	0
206	0
207	0
208	0
209	0
210	0
211	0
212	0
213	0
214	0
215	0
216	0
217	0
218	0
219	0
220	0
221	0
222	0
223	0
224	0
225	0
226	0
227	0
228	0
229	0
230	0
231	0
232	0
233	0
234	0
235	0
236	0
237	0
238	0
239	0
240	0
241	0
242	0
243	0
244	0
245	0
246	0
247	0
248	0
249	0
250	0
251	0
252	0
253	0
254	0
255	0
256	0
257	0
258	0
259	0
260	0
261	0
262	0
263	0
264	0
265	0
266	0
267	0
268	0
269	0
270	0
271	0
272	0
273	0
274	0
275	0
276	0
277	0
278	0
279	0
280	0
281	0
282	0
283	0
284	0
285	0
286	0
287	0
288	0
289	0
290	0
291	0
292	0
293	0
294	0
295	1
296	0
297	1
298	0
299	0
300	0
301	0
302	0
303	0
304	0
305	0
306	0
307	0
308	0
309	0
310	0
311	0
312	0
313	0
314	0
315	0
316	0
317	0
318	0
319	0
320	0
321	0
322	0
323	0
324	0
325	0
326	0
327	0
328	0
329	0
330	0
331	0
332	0
333	0
334	0
335	0
336	0
337	0
338	0
339	0
340	0
341	0
342	0
343	0
344	0
345	0
346	0
347	0
348	0
349	0
350	0
351	0
352	0
353	0
354	0
355	0
356	0
357	0
358	0
359	0
360	0
361	0
362	0
363	0
364	0
365	0
366	0
367	0
368	0
369	0
370	0
371	0
372	0
373	0
374	0
375	0
376	0
377	0
378	0
379	0
380	0
381	0
382	0
383	0
384	0
385	0
386	0
387	0
388	0
389	0
390	0
391	0
392	0
393	0
394	0
395	0
396	0
397	0
398	0
399	0
400	0
401	0
402	0
403	0
404	0
405	0
406	0
407	0
408	0
409	0
410	0
411	0
412	0
413	0
414	0
415	0
416	0
417	0
418	0
419	0
420	0
421	0
422	0
423	0
424	0
425	0
426	0
427	0
428	0
429	0
430	0
431	0
432	0
433	0
434	0
435	0
436	0
437	0
438	0
439	0
440	0
441	0
442	0
443	0
444	0
445	0
446	0
447	0
448	0
449	0
450	0
451	0
452	0
453	0
454	0
455	0
456	0
457	0
458	0
459	0
460	0
461	0
462	0
463	0
464	0
465	0
466	0
467	0
468	0
469	0
470	0
471	0
472	0
473	0
474	0
475	0
476	0
477	0
478	0
479	0
480	0
481	0
482	0
483	0
484	0
485	0
486	0
487	0
488	0
489	0
490	0
491	0
492	0
493	0
494	0
495	0
496	0
497	0
498	0
499	0
500	0
501	0
502	0
503	1
504	0
505	1
506	0
507	0
508	0
509	0
510	0
511	0
512	0
513	0
514	0
515	0
516	0
517	0
518	0
519	0
520	0
521	0
522	0
523	0
524	0
525	0
526	0
527	0
528	0
529	0
530	0
531	0
532	0
533	0
534	0
535	0
536	0
537	0
538	0
539	0
540	0
541	0
542	0
543	0
544	0
545	0
546	0
547	0
548	0
549	0
550	0
551	0
552	0
553	0
554	0
555	0
556	0
557	0
558	0
559	0
560	0
561	0
562	0
563	0
564	0
565	0
566	0
567	0
568	0
569	0
570	0
571	0
572	0
573	0
574	0
575	0
576	0
577	0
578	0
579	0
580	0
581	0
582	0
583	0
584	0
585	0
586	0
587	0
588	0
589	0
590	0
591	0
592	0
593	0
594	0
595	0
596	0
597	0
598	0
599	0
600	0
601	0
602	2
603	0
604	0
605	0
606	0
607	0
608	0
609	0
610	0
611	0
612	0
613	0
614	0
615	0
616	0
617	1
618	0
619	1
620	0
621	0
622	0
623	0
624	0
625	0
626	0
627	0
628	0
629	0
630	0
631	0
632	0
633	0
634	0
635	0
636	0
637	0
638	0
639	0
640	0
641	0
642	0
643	0
644	0
645	0
646	0
647	0
648	0
649	0
650	0
651	0
652	0
653	0
654	0
655	0
656	0
657	0
658	0
659	0
660	0
661	0
662	0
663	0
664	0
665	0
666	0
667	0
668	0
669	0
670	0
671	0
672	0
673	0
674	0
675	0
676	0
677	0
678	0
679	0
680	0
681	0
682	0
683	0
684	0
685	0
686	0
687	0
688	0
689	0
690	0
691	0
692	0
693	0
694	0
695	0
696	0
697	0
698	0
699	0
700	0
701	0
702	0
