-697	0
-696	0
-695	0
-694	0
-693	0
-692	0
-691	0
-690	0
-689	0
-688	0
-687	0
-686	0
-685	0
-684	0
-683	0
-682	0
-681	0
-680	0
-679	0
-678	0
-677	0
-676	0
-675	0
-674	0
-673	0
-672	0
-671	0
-670	0
-669	0
-668	0
-667	0
-666	0
-665	0
-664	0
-663	0
-662	0
-661	0
-660	0
-659	0
-658	0
-657	0
-656	0
-655	0
-654	0
-653	0
-652	0
-651	0
-650	0
-649	0
-648	0
-647	0
-646	0
-645	0
-644	0
-643	0
-642	0
-641	0
-640	0
-639	0
-638	1
-637	0
-636	0
-635	0
-634	0
-633	0
-632	0
-631	0
-630	0
-629	0
-628	0
-627	0
-626	0
-625	0
-624	0
-623	0
-622	0
-621	0
-620	0
-619	0
-618	0
-617	0
-616	0
-615	0
-614	0
-613	0
-612	0
-611	0
-610	0
-609	0
-608	0
-607	0
-606	0
-605	0
-604	0
-603	0
-602	0
-601	0
-600	0
-599	0
-598	0
-597	0
-596	0
-595	0
-594	1
-593	0
-592	0
-591	0
-590	0
-589	0
-588	0
-587	2
-586	0
-585	0
-584	0
-583	0
-582	0
-581	0
-580	0
-579	0
-578	0
-577	0
-576	0
-575	1
-574	0
-573	0
-572	0
-571	0
-570	0
-569	0
-568	0
-567	0
-566	0
-565	0
-564	1
-563	0
-562	0
-561	0
-560	0
-559	0
-558	1
-557	0
-556	0
-555	0
-554	0
-553	0
-552	0
-551	0
-550	0
-549	0
-548	0
-547	0
-546	0
-545	0
-544	0
-543	0
-542	0
-541	1
-540	0
-539	0
-538	0
-537	0
-536	0
-535	0
-534	0
-533	0
-532	0
-531	0
-530	1
-529	0
-528	1
-527	0
-526	0
-525	0
-524	0
-523	0
-522	1
-521	1
-520	0
-519	0
-518	0
-517	0
-516	0
-515	0
-514	0
-513	0
-512	1
-511	0
-510	0
-509	0
-508	0
-507	2
-506	1
-505	1
-504	0
-503	0
-502	0
-501	0
-500	3
-499	0
-498	1
-497	1
-496	1
-495	0
-494	0
-493	0
-492	0
-491	1
-490	1
-489	0
-488	1
-487	0
-486	0
-485	3
-484	1
-483	0
-482	1
-481	0
-480	0
-479	0
-478	1
-477	1
-476	1
-475	0
-474	0
-473	1
-472	0
-471	0
-470	0
-469	0
-468	0
-467	1
-466	0
-465	0
-464	0
-463	1
-462	1
-461	1
-460	0
-459	0
-458	1
-457	0
-456	0
-455	4
-454	1
-453	0
-452	0
-451	2
-450	1
-449	0
-448	0
-447	1
-446	0
-445	0
-444	1
-443	1
-442	1
-441	0
-440	0
-439	0
-438	0
-437	2
-436	0
-435	1
-434	4
-433	0
-432	2
-431	1
-430	0
-429	1
-428	1
-427	0
-426	3
-425	3
-424	0
-423	4
-422	2
-421	1
-420	0
-419	0
-418	0
-417	0
-416	0
-415	2
-414	0
-413	0
-412	1
-411	6
-410	1
-409	0
-408	0
-407	1
-406	1
-405	1
-404	0
-403	0
-402	1
-401	1
-400	1
-399	2
-398	0
-397	2
-396	0
-395	0
-394	1
-393	1
-392	0
-391	0
-390	1
-389	0
-388	1
-387	1
-386	0
-385	1
-384	0
-383	1
-382	3
-381	1
-380	4
-379	3
-378	6
-377	0
-376	0
-375	1
-374	2
-373	1
-372	3
-371	8
-370	18
-369	2
-368	1
-367	1
-366	0
-365	7
-364	5
-363	0
-362	2
-361	3
-360	2
-359	5
-358	1
-357	3
-356	8
-355	4
-354	2
-353	2
-352	5
-351	4
-350	6
-349	1
-348	3
-347	3
-346	11
-345	2
-344	4
-343	0
-342	2
-341	5
-340	7
-339	0
-338	2
-337	2
-336	3
-335	8
-334	4
-333	0
-332	4
-331	1
-330	5
-329	1
-328	4
-327	1
-326	2
-325	7
-324	3
-323	2
-322	4
-321	3
-320	1
-319	3
-318	4
-317	4
-316	5
-315	1
-314	8
-313	8
-312	1
-311	2
-310	4
-309	5
-308	1
-307	5
-306	5
-305	7
-304	1
-303	2
-302	3
-301	1
-300	6
-299	3
-298	11
-297	14
-296	7
-295	2
-294	9
-293	13
-292	7
-291	12
-290	10
-289	3
-288	3
-287	1
-286	4
-285	1
-284	1
-283	5
-282	11
-281	2
-280	3
-279	5
-278	0
-277	3
-276	5
-275	18
-274	13
-273	5
-272	9
-271	6
-270	8
-269	8
-268	6
-267	3
-266	13
-265	3
-264	5
-263	1
-262	7
-261	25
-260	18
-259	31
-258	31
-257	12
-256	7
-255	6
-254	7
-253	10
-252	11
-251	15
-250	14
-249	4
-248	8
-247	5
-246	6
-245	12
-244	16
-243	10
-242	8
-241	10
-240	7
-239	15
-238	8
-237	3
-236	4
-235	1
-234	2
-233	5
-232	4
-231	4
-230	1
-229	4
-228	7
-227	16
-226	8
-225	6
-224	6
-223	12
-222	23
-221	14
-220	9
-219	18
-218	10
-217	7
-216	12
-215	27
-214	11
-213	7
-212	11
-211	20
-210	23
-209	16
-208	8
-207	11
-206	7
-205	8
-204	19
-203	10
-202	6
-201	10
-200	21
-199	9
-198	6
-197	26
-196	8
-195	10
-194	10
-193	8
-192	22
-191	28
-190	13
-189	9
-188	15
-187	8
-186	17
-185	14
-184	19
-183	6
-182	17
-181	15
-180	31
-179	12
-178	7
-177	8
-176	7
-175	11
-174	13
-173	24
-172	5
-171	10
-170	20
-169	9
-168	10
-167	8
-166	11
-165	19
-164	19
-163	10
-162	11
-161	25
-160	11
-159	10
-158	4
-157	6
-156	16
-155	20
-154	25
-153	11
-152	10
-151	7
-150	18
-149	15
-148	14
-147	6
-146	8
-145	6
-144	10
-143	25
-142	12
-141	6
-140	14
-139	12
-138	11
-137	18
-136	17
-135	16
-134	31
-133	10
-132	10
-131	7
-130	12
-129	7
-128	15
-127	6
-126	20
-125	5
-124	4
-123	7
-122	8
-121	2
-120	5
-119	5
-118	4
-117	1
-116	4
-115	17
-114	16
-113	20
-112	17
-111	6
-110	31
-109	7
-108	4
-107	14
-106	15
-105	6
-104	9
-103	3
-102	7
-101	7
-100	15
-99	3
-98	4
-97	2
-96	8
-95	7
-94	3
-93	5
-92	11
-91	7
-90	14
-89	31
-88	12
-87	22
-86	13
-85	9
-84	4
-83	9
-82	5
-81	5
-80	6
-79	31
-78	7
-77	10
-76	2
-75	1
-74	9
-73	1
-72	6
-71	5
-70	4
-69	1
-68	8
-67	2
-66	2
-65	3
-64	2
-63	2
-62	1
-61	0
-60	1
-59	4
-58	0
-57	3
-56	3
-55	4
-54	3
-53	1
-52	2
-51	10
-50	2
-49	2
-48	2
-47	1
-46	0
-45	1
-44	0
-43	1
-42	1
-41	3
-40	4
-39	3
-38	1
-37	6
-36	4
-35	2
-34	1
-33	1
-32	0
-31	2
-30	1
-29	0
-28	0
-27	2
-26	0
-25	1
-24	1
-23	1
-22	0
-21	0
-20	0
-19	1
-18	0
-17	1
-16	1
-15	0
-14	0
-13	0
-12	0
-11	1
-10	0
-9	0
-8	0
-7	1
-6	1
-5	0
-4	0
-3	0
-2	2
-1	1
0	1
1	0
2	1
3	0
4	0
5	0
6	1
7	1
8	5
9	0
10	2
11	1
12	3
13	5
14	4
15	3
16	3
17	4
18	10
19	11
20	13
21	1
22	1
23	0
24	1
25	0
26	0
27	1
28	0
29	0
30	0
31	0
32	0
33	0
34	0
35	2
36	2
37	2
38	3
39	0
40	0
41	0
42	1
43	0
44	0
45	0
46	1
47	0
48	0
49	1
50	0
51	0
52	0
53	0
54	0
55	0
56	0
57	0
58	0
59	0
60	0
61	0
62	0
63	0
64	0
65	0
66	0
67	0
68	0
69	0
70	0
71	0
72	0
73	0
74	0
75	0
76	0
77	0
78	0
79	0
80	0
81	0
82	0
83	0
84	2
85	0
86	0
87	0
88	0
89	0
90	0
91	1
92	0
93	2
94	0
95	0
96	0
97	0
98	0
99	0
100	0
101	0
102	0
103	0
104	0
105	0
106	0
107	0
108	0
109	0
110	0
111	0
112	0
113	0
114	0
115	0
116	0
117	0
118	0
119	0
120	0
121	0
122	0
123	0
124	0
125	0
126	0
127	0
128	0
129	0
130	0
131	0
132	0
133	0
134	0
135	0
136	0
137	0
138	0
139	1
140	0
141	0
142	0
143	0
144	0
145	0
146	0
147	0
148	0
149	0
150	0
151	0
152	0
153	0
154	0
155	0
156	0
157	0
158	0
159	0
160	0
161	0
162	0
163	0
164	0
165	0
166	0
167	0
168	0
169	0
170	0
171	0
172	0
173	0
174	0
175	0
176	0
177	0
178	0
179	0
180	0
181	0
182	0
183	0
184	0
185	0
186	0
187	0
188	0
189	0
190	0
191	0
192	0
193	0
194	0
195	0
196	0
197	0
198	0
199	0
200	0
201	0
202	0
203	0
204	0
205	0
206	0
207	1
208	4
209	2
210	0
211	0
212	0
213	0
214	0
215	0
216	0
217	0
218	0
219	0
220	0
221	0
222	1
223	0
224	0
225	0
226	0
227	0
228	0
229	0
230	0
231	0
232	0
233	0
234	0
235	0
236	0
237	0
238	0
239	0
240	0
241	0
242	0
243	0
244	0
245	0
246	0
247	0
248	0
249	0
250	0
251	0
252	0
253	0
254	0
255	0
256	0
257	0
258	0
259	0
260	0
261	0
262	0
263	0
264	0
265	0
266	0
267	0
268	0
269	0
270	0
271	0
272	0
273	0
274	0
275	0
276	0
277	0
278	0
279	0
280	0
281	0
282	0
283	0
284	0
285	0
286	0
287	0
288	0
289	0
290	0
291	0
292	0
293	0
294	0
295	0
296	0
297	0
298	0
299	0
300	0
301	0
302	0
303	0
304	0
305	0
306	0
307	0
308	0
309	0
310	0
311	0
312	0
313	0
314	0
315	0
316	0
317	0
318	0
319	0
320	0
321	0
322	0
323	0
324	0
325	0
326	0
327	0
328	0
329	0
330	0
331	0
332	0
333	0
334	0
335	0
336	0
337	0
338	0
339	0
340	0
341	0
342	0
343	0
344	0
345	0
346	0
347	0
348	0
349	0
350	0
351	0
352	0
353	0
354	0
355	0
356	0
357	0
358	0
359	0
360	0
361	0
362	0
363	0
364	0
365	0
366	0
367	0
368	0
369	0
370	0
371	0
372	0
373	0
374	0
375	0
376	0
377	0
378	0
379	0
380	0
381	0
382	0
383	0
384	0
385	0
386	0
387	0
388	0
389	0
390	0
391	0
392	0
393	0
394	0
395	0
396	0
397	0
398	0
399	0
400	0
401	0
402	0
403	0
404	0
405	0
406	0
407	0
408	0
409	0
410	0
411	0
412	0
413	0
414	0
415	0
416	0
417	0
418	0
419	0
420	0
421	0
422	0
423	0
424	0
425	0
426	0
427	0
428	0
429	0
430	0
431	0
432	0
433	0
434	0
435	0
436	0
437	0
438	0
439	0
440	0
441	0
442	0
443	0
444	0
445	0
446	0
447	0
448	0
449	0
450	0
451	0
452	0
453	0
454	0
455	0
456	0
457	0
458	0
459	0
460	0
461	0
462	0
463	0
464	0
465	0
466	0
467	0
468	0
469	0
470	0
471	0
472	0
473	0
474	0
475	0
476	0
477	0
478	0
479	0
480	0
481	0
482	0
483	0
484	0
485	0
486	0
487	0
488	0
489	0
490	0
491	0
492	0
493	0
494	0
495	0
496	0
497	0
498	0
499	0
500	0
501	0
502	0
503	0
504	0
505	0
506	0
507	0
508	0
509	0
510	0
511	0
512	0
513	0
514	0
515	0
516	0
517	0
518	0
519	0
520	0
521	0
522	0
523	3
524	0
525	0
526	1
527	0
528	0
529	0
530	0
531	1
532	0
533	0
534	0
535	0
536	0
537	0
538	0
539	0
540	0
541	0
542	0
543	0
544	0
545	0
546	0
547	0
548	0
549	0
550	0
551	0
552	0
553	0
554	0
555	0
556	0
557	0
558	0
559	0
560	0
561	0
562	0
563	0
564	0
565	9
566	0
567	0
568	0
569	1
570	0
571	0
572	0
573	0
574	0
575	0
576	0
577	0
578	0
579	0
580	0
581	0
582	0
583	0
584	0
585	0
586	0
587	0
588	0
589	0
590	0
591	0
592	0
593	0
594	0
595	0
596	0
597	0
598	0
599	0
600	0
601	0
602	0
603	0
604	0
605	0
606	0
607	0
608	0
609	0
610	0
611	0
612	0
613	0
614	0
615	0
616	0
617	0
618	0
619	0
620	0
621	0
622	0
623	0
624	0
625	0
626	0
627	0
628	0
629	0
630	0
631	0
632	0
633	0
634	0
635	0
636	0
637	0
638	0
639	0
640	0
641	0
642	0
643	0
644	0
645	0
646	0
647	0
648	0
649	0
650	0
651	0
652	0
653	0
654	0
655	0
656	0
657	0
658	0
659	0
660	0
661	0
662	0
663	0
664	0
665	0
666	0
667	0
668	0
669	0
670	0
671	0
672	0
673	0
674	0
675	0
676	0
677	0
678	0
679	0
680	0
681	0
682	0
683	0
684	0
685	0
686	0
687	0
688	0
689	0
690	0
691	0
692	0
693	0
694	0
695	0
696	0
697	0
698	0
699	0
700	0
701	0
702	0
