-697	1
-696	1
-695	0
-694	0
-693	0
-692	0
-691	0
-690	0
-689	0
-688	0
-687	0
-686	0
-685	1
-684	0
-683	0
-682	0
-681	0
-680	0
-679	0
-678	0
-677	1
-676	0
-675	0
-674	0
-673	0
-672	1
-671	0
-670	0
-669	0
-668	1
-667	0
-666	0
-665	0
-664	0
-663	0
-662	0
-661	0
-660	0
-659	0
-658	0
-657	0
-656	0
-655	0
-654	0
-653	1
-652	2
-651	0
-650	0
-649	0
-648	0
-647	0
-646	1
-645	0
-644	0
-643	0
-642	0
-641	0
-640	0
-639	0
-638	1
-637	0
-636	2
-635	0
-634	0
-633	0
-632	0
-631	0
-630	0
-629	1
-628	1
-627	0
-626	2
-625	0
-624	0
-623	0
-622	0
-621	0
-620	0
-619	0
-618	0
-617	0
-616	1
-615	0
-614	1
-613	0
-612	0
-611	0
-610	1
-609	0
-608	0
-607	0
-606	1
-605	0
-604	1
-603	0
-602	4
-601	0
-600	0
-599	1
-598	1
-597	0
-596	0
-595	0
-594	0
-593	0
-592	0
-591	0
-590	1
-589	0
-588	0
-587	2
-586	0
-585	1
-584	1
-583	0
-582	0
-581	0
-580	1
-579	0
-578	0
-577	1
-576	0
-575	3
-574	1
-573	1
-572	0
-571	0
-570	2
-569	1
-568	1
-567	2
-566	2
-565	0
-564	1
-563	0
-562	0
-561	0
-560	2
-559	1
-558	2
-557	0
-556	0
-555	0
-554	1
-553	4
-552	2
-551	1
-550	0
-549	2
-548	1
-547	0
-546	0
-545	0
-544	0
-543	2
-542	1
-541	0
-540	0
-539	1
-538	2
-537	1
-536	3
-535	0
-534	0
-533	2
-532	0
-531	0
-530	2
-529	7
-528	1
-527	0
-526	0
-525	1
-524	2
-523	3
-522	0
-521	2
-520	3
-519	1
-518	2
-517	1
-516	2
-515	2
-514	1
-513	2
-512	3
-511	3
-510	0
-509	0
-508	2
-507	1
-506	2
-505	2
-504	0
-503	1
-502	1
-501	2
-500	6
-499	2
-498	3
-497	6
-496	5
-495	2
-494	3
-493	3
-492	1
-491	4
-490	5
-489	7
-488	2
-487	0
-486	2
-485	1
-484	2
-483	3
-482	2
-481	6
-480	5
-479	1
-478	2
-477	3
-476	2
-475	1
-474	2
-473	5
-472	4
-471	5
-470	2
-469	3
-468	2
-467	2
-466	2
-465	2
-464	6
-463	1
-462	6
-461	7
-460	4
-459	2
-458	3
-457	2
-456	3
-455	17
-454	0
-453	6
-452	6
-451	8
-450	1
-449	5
-448	1
-447	4
-446	15
-445	3
-444	4
-443	5
-442	4
-441	4
-440	4
-439	3
-438	1
-437	1
-436	4
-435	4
-434	8
-433	5
-432	8
-431	13
-430	4
-429	4
-428	1
-427	0
-426	2
-425	8
-424	8
-423	3
-422	1
-421	3
-420	2
-419	15
-418	4
-417	5
-416	0
-415	0
-414	2
-413	4
-412	3
-411	6
-410	5
-409	4
-408	3
-407	6
-406	3
-405	2
-404	46
-403	7
-402	5
-401	6
-400	2
-399	11
-398	11
-397	5
-396	9
-395	2
-394	8
-393	3
-392	4
-391	4
-390	8
-389	31
-388	35
-387	6
-386	9
-385	8
-384	7
-383	8
-382	1
-381	6
-380	6
-379	2
-378	6
-377	13
-376	4
-375	12
-374	7
-373	8
-372	14
-371	9
-370	10
-369	16
-368	34
-367	10
-366	14
-365	8
-364	3
-363	10
-362	46
-361	34
-360	22
-359	18
-358	10
-357	38
-356	22
-355	34
-354	9
-353	17
-352	10
-351	9
-350	11
-349	7
-348	5
-347	21
-346	10
-345	11
-344	13
-343	2
-342	21
-341	21
-340	6
-339	9
-338	26
-337	22
-336	28
-335	46
-334	12
-333	18
-332	7
-331	2
-330	6
-329	6
-328	4
-327	9
-326	46
-325	21
-324	28
-323	5
-322	1
-321	8
-320	19
-319	4
-318	10
-317	15
-316	14
-315	9
-314	15
-313	6
-312	12
-311	13
-310	9
-309	21
-308	9
-307	7
-306	21
-305	41
-304	13
-303	10
-302	6
-301	4
-300	6
-299	20
-298	33
-297	21
-296	16
-295	11
-294	26
-293	13
-292	7
-291	22
-290	22
-289	23
-288	46
-287	31
-286	14
-285	13
-284	19
-283	11
-282	19
-281	3
-280	3
-279	8
-278	10
-277	11
-276	7
-275	5
-274	7
-273	8
-272	17
-271	11
-270	4
-269	16
-268	17
-267	21
-266	20
-265	9
-264	22
-263	14
-262	8
-261	4
-260	14
-259	19
-258	4
-257	4
-256	1
-255	9
-254	10
-253	6
-252	4
-251	2
-250	5
-249	4
-248	8
-247	6
-246	34
-245	25
-244	7
-243	15
-242	46
-241	24
-240	10
-239	4
-238	5
-237	5
-236	14
-235	8
-234	7
-233	9
-232	6
-231	14
-230	7
-229	3
-228	9
-227	12
-226	7
-225	10
-224	17
-223	6
-222	8
-221	10
-220	4
-219	13
-218	17
-217	3
-216	4
-215	10
-214	1
-213	16
-212	41
-211	4
-210	17
-209	6
-208	8
-207	18
-206	39
-205	16
-204	24
-203	12
-202	20
-201	20
-200	26
-199	9
-198	25
-197	13
-196	13
-195	16
-194	20
-193	15
-192	9
-191	29
-190	8
-189	16
-188	28
-187	3
-186	11
-185	7
-184	9
-183	16
-182	9
-181	6
-180	20
-179	10
-178	4
-177	31
-176	46
-175	15
-174	10
-173	22
-172	5
-171	12
-170	8
-169	21
-168	19
-167	32
-166	13
-165	19
-164	8
-163	8
-162	39
-161	29
-160	35
-159	11
-158	14
-157	10
-156	21
-155	30
-154	15
-153	27
-152	46
-151	12
-150	46
-149	30
-148	29
-147	21
-146	40
-145	3
-144	12
-143	14
-142	3
-141	15
-140	15
-139	18
-138	5
-137	13
-136	7
-135	4
-134	8
-133	11
-132	24
-131	46
-130	46
-129	17
-128	6
-127	2
-126	5
-125	8
-124	5
-123	10
-122	8
-121	4
-120	11
-119	6
-118	0
-117	8
-116	6
-115	3
-114	7
-113	3
-112	2
-111	5
-110	6
-109	3
-108	6
-107	7
-106	3
-105	5
-104	3
-103	1
-102	2
-101	1
-100	1
-99	2
-98	3
-97	2
-96	3
-95	2
-94	2
-93	0
-92	1
-91	3
-90	5
-89	4
-88	2
-87	8
-86	5
-85	2
-84	5
-83	1
-82	1
-81	6
-80	1
-79	1
-78	2
-77	6
-76	3
-75	6
-74	4
-73	1
-72	2
-71	2
-70	1
-69	2
-68	2
-67	2
-66	7
-65	2
-64	3
-63	1
-62	1
-61	3
-60	1
-59	2
-58	1
-57	0
-56	0
-55	0
-54	2
-53	1
-52	0
-51	0
-50	0
-49	1
-48	0
-47	0
-46	1
-45	1
-44	2
-43	0
-42	3
-41	1
-40	0
-39	1
-38	0
-37	0
-36	0
-35	0
-34	0
-33	0
-32	0
-31	1
-30	0
-29	0
-28	1
-27	0
-26	1
-25	2
-24	2
-23	0
-22	0
-21	1
-20	1
-19	0
-18	0
-17	0
-16	0
-15	3
-14	0
-13	2
-12	1
-11	0
-10	0
-9	0
-8	0
-7	0
-6	11
-5	1
-4	1
-3	0
-2	1
-1	0
0	0
1	0
2	0
3	0
4	0
5	0
6	0
7	0
8	0
9	0
10	0
11	0
12	0
13	0
14	0
15	0
16	0
17	0
18	0
19	0
20	0
21	0
22	0
23	0
24	0
25	0
26	1
27	0
28	0
29	0
30	0
31	2
32	0
33	1
34	1
35	0
36	0
37	1
38	0
39	0
40	0
41	0
42	0
43	0
44	0
45	0
46	0
47	0
48	1
49	0
50	0
51	0
52	1
53	1
54	1
55	1
56	0
57	0
58	9
59	0
60	0
61	0
62	0
63	0
64	1
65	0
66	1
67	0
68	0
69	0
70	2
71	0
72	0
73	2
74	1
75	1
76	1
77	0
78	0
79	0
80	3
81	1
82	1
83	4
84	1
85	0
86	0
87	0
88	0
89	0
90	2
91	1
92	1
93	0
94	0
95	0
96	1
97	0
98	0
99	26
100	21
101	2
102	28
103	5
104	11
105	0
106	0
107	0
108	0
109	0
110	0
111	6
112	1
113	3
114	0
115	1
116	1
117	3
118	28
119	0
120	18
121	2
122	12
123	0
124	3
125	0
126	6
127	0
128	3
129	1
130	0
131	25
132	0
133	12
134	0
135	0
136	0
137	1
138	0
139	0
140	0
141	0
142	0
143	0
144	0
145	0
146	0
147	0
148	1
149	0
150	0
151	0
152	0
153	0
154	0
155	0
156	0
157	0
158	0
159	0
160	0
161	0
162	0
163	0
164	0
165	0
166	1
167	0
168	2
169	0
170	0
171	0
172	0
173	0
174	0
175	0
176	0
177	0
178	0
179	0
180	0
181	0
182	0
183	0
184	0
185	0
186	1
187	0
188	0
189	0
190	0
191	0
192	0
193	0
194	0
195	0
196	0
197	0
198	0
199	0
200	0
201	0
202	0
203	0
204	0
205	0
206	0
207	0
208	0
209	0
210	0
211	0
212	0
213	0
214	0
215	0
216	0
217	0
218	0
219	0
220	0
221	0
222	0
223	0
224	0
225	0
226	0
227	0
228	0
229	0
230	0
231	0
232	0
233	0
234	0
235	0
236	0
237	0
238	0
239	0
240	0
241	0
242	0
243	0
244	0
245	0
246	0
247	0
248	0
249	0
250	0
251	0
252	0
253	0
254	0
255	0
256	0
257	0
258	0
259	0
260	0
261	0
262	0
263	0
264	0
265	0
266	0
267	0
268	0
269	0
270	0
271	0
272	0
273	0
274	0
275	0
276	0
277	0
278	0
279	0
280	0
281	0
282	0
283	0
284	0
285	0
286	0
287	0
288	0
289	0
290	0
291	0
292	0
293	0
294	0
295	0
296	0
297	0
298	0
299	0
300	0
301	0
302	0
303	0
304	0
305	0
306	0
307	0
308	0
309	0
310	0
311	0
312	0
313	0
314	0
315	0
316	0
317	0
318	0
319	0
320	0
321	0
322	0
323	0
324	0
325	0
326	0
327	0
328	0
329	0
330	0
331	0
332	0
333	0
334	0
335	0
336	0
337	0
338	0
339	0
340	0
341	0
342	0
343	0
344	0
345	0
346	0
347	0
348	0
349	0
350	0
351	0
352	0
353	0
354	0
355	0
356	0
357	0
358	0
359	0
360	3
361	0
362	0
363	0
364	0
365	0
366	0
367	0
368	2
369	0
370	1
371	0
372	1
373	0
374	0
375	0
376	0
377	0
378	0
379	0
380	0
381	0
382	0
383	0
384	0
385	0
386	0
387	0
388	0
389	0
390	0
391	0
392	0
393	0
394	0
395	0
396	0
397	1
398	0
399	0
400	0
401	0
402	0
403	0
404	0
405	0
406	0
407	0
408	0
409	0
410	0
411	0
412	0
413	0
414	0
415	0
416	0
417	0
418	0
419	0
420	0
421	0
422	0
423	0
424	0
425	0
426	0
427	0
428	0
429	0
430	0
431	0
432	0
433	0
434	0
435	0
436	0
437	0
438	0
439	0
440	0
441	0
442	0
443	0
444	0
445	0
446	0
447	0
448	0
449	0
450	0
451	0
452	0
453	0
454	0
455	0
456	0
457	0
458	0
459	0
460	0
461	0
462	0
463	0
464	0
465	0
466	0
467	0
468	0
469	0
470	0
471	0
472	0
473	0
474	0
475	0
476	0
477	0
478	0
479	0
480	0
481	0
482	0
483	0
484	0
485	0
486	0
487	0
488	0
489	0
490	0
491	0
492	0
493	0
494	0
495	0
496	0
497	0
498	0
499	0
500	0
501	0
502	0
503	0
504	0
505	0
506	0
507	0
508	0
509	0
510	0
511	0
512	0
513	0
514	0
515	0
516	0
517	0
518	0
519	0
520	0
521	0
522	0
523	0
524	0
525	0
526	0
527	0
528	0
529	0
530	0
531	0
532	0
533	0
534	0
535	0
536	0
537	0
538	0
539	0
540	0
541	0
542	0
543	0
544	0
545	0
546	0
547	0
548	0
549	0
550	0
551	0
552	0
553	0
554	0
555	0
556	0
557	0
558	0
559	0
560	0
561	1
562	0
563	0
564	0
565	0
566	0
567	0
568	0
569	0
570	0
571	0
572	0
573	0
574	0
575	0
576	0
577	0
578	0
579	0
580	0
581	0
582	0
583	0
584	0
585	0
586	0
587	0
588	0
589	0
590	0
591	0
592	0
593	0
594	0
595	0
596	0
597	0
598	0
599	0
600	0
601	0
602	0
603	0
604	0
605	0
606	0
607	0
608	0
609	0
610	0
611	0
612	0
613	0
614	0
615	0
616	0
617	0
618	0
619	0
620	0
621	0
622	0
623	0
624	0
625	0
626	0
627	0
628	0
629	0
630	0
631	0
632	0
633	0
634	0
635	0
636	0
637	0
638	0
639	0
640	0
641	0
642	0
643	0
644	0
645	0
646	0
647	0
648	0
649	0
650	0
651	0
652	0
653	0
654	0
655	0
656	0
657	0
658	0
659	0
660	0
661	0
662	0
663	0
664	0
665	0
666	0
667	0
668	0
669	0
670	0
671	0
672	0
673	0
674	0
675	0
676	0
677	0
678	0
679	0
680	0
681	0
682	0
683	0
684	0
685	0
686	0
687	0
688	0
689	0
690	0
691	0
692	0
693	0
694	0
695	0
696	0
697	0
698	0
699	0
700	0
701	0
702	0
